0.382926 0.617074 
0.00188356 0.00331353 
0.000285149 0.000648278 
0.00431626 0.00327956 
0.000604085 0.000221468 
0.000664723 0.00037904 
0.000903817 0.000311187 
0.000704964 0.000293652 
0.00123313 0.000427397 
0.000320799 0.000307513 
0.00146716 0.00115687 
0.000604928 0.000273618 
0.00105962 0.000490762 
0.00119541 0.000829238 
0.00106913 0.000370804 
0.00615076 0.00719986 
0.000798773 0.000540566 
0.00130549 0.00138306 
0.00407826 0.00267199 
0.000582618 0.000299982 
0.00409541 0.00266254 
0.00121387 0.000376773 
0.00158121 0.000750068 
0.000634435 0.000261425 
0.0078993 0.0143287 
0.00151609 0.000375747 
0.00143371 0.000859451 
0.000263679 0.000125625 
0.00497409 0.00553478 
0.00131781 0.00070647 
0.000460522 0.000175061 
0.00397726 0.00367626 
0.000488289 0.000281659 
0.000629094 0.000225264 
0.00132466 0.000347818 
0.000459767 0.000200358 
0.000493709 0.000244987 
0.00284092 0.00286136 
0.000769582 0.000237186 
0.00111589 0.000499304 
0.000981537 0.000435166 
0.00210085 0.00164236 
0.000407745 0.000151935 
0.000731336 0.000324632 
0.000394089 0.000238914 
0.00122054 0.000532277 
0.000373403 0.000146651 
0.000739415 0.000555737 
0.000945643 0.000373875 
0.00341415 0.00224363 
0.000610192 0.000174137 
0.000687965 0.000152597 
0.00140387 0.00147813 
0.000439768 9.25886e-005 
0.00120349 0.00059492 
0.000769635 0.000363165 
0.000631813 0.000546287 
0.00125309 0.000612798 
0.0015408 0.00149019 
0.00802193 0.0171679 
0.00161565 0.000512804 
0.00099503 0.00132774 
0.000485853 0.000333549 
0.00144288 0.000575133 
0.00118892 0.000702561 
0.000486433 0.000211533 
0.00192761 0.000750249 
0.000425924 0.000170135 
0.000219958 1.71065e-005 
0.000864729 0.000535559 
0.00183457 0.00126827 
0.000772031 0.000476168 
0.000311771 0.000121368 
0.000829543 0.000482974 
0.00401863 0.00743875 
0.00168669 0.00126669 
0.00187582 0.00103603 
0.00315584 0.004617 
0.000483608 0.000550008 
0.000356795 0.000126252 
0.000660356 0.000341516 
0.000451078 0.000629456 
0.000792373 0.000292568 
0.000821168 0.000310461 
0.004631 0.00523906 
0.0014982 0.000808018 
0.00044259 0.000229238 
0.000831156 0.000344968 
0.00273444 0.00420298 
0.000815171 0.000444903 
0.000544461 0.000387302 
0.000745925 0.000730859 
0.000280197 0.000204327 
0.000543451 0.000345081 
0.000387308 0.000175678 
0.000424362 0.000361398 
0.000207576 5.38221e-005 
0.00243138 0.00135446 
0.00186804 0.00160931 
0.00234833 0.000913116 
0.000313894 7.9613e-005 
0.00774393 0.0147061 
0.000587473 0.000259253 
0.000250369 0.000207273 
0.000638612 0.000434963 
0.000826778 0.000966811 
0.00103485 0.000535117 
0.000954915 0.00117055 
0.000827591 0.00204197 
0.000713705 0.000669278 
0.00114094 0.000886043 
0.000694492 0.00117128 
9.3568e-005 4.84816e-009 
0.000273442 0.000199234 
0.00409781 0.00450148 
0.000296296 0.000157563 
0.00130613 0.00135792 
0.000388639 0.000396833 
0.000223846 0.000137719 
0.00102402 0.000419359 
0.00207492 0.00161076 
0.000284975 0.000377025 
0.00101965 0.000886053 
0.000686902 0.000255896 
0.00441267 0.00477366 
0.000819561 0.000831462 
0.00111948 0.000954862 
0.000907914 0.000659371 
0.000743315 0.000550281 
0.000344456 0.000279263 
0.000617776 0.000435025 
0.00244607 0.00248293 
0.000795658 0.000651585 
0.00100487 0.000780676 
0.00104513 0.00177156 
0.000616545 0.000388265 
0.00078317 0.000693296 
0.000274123 0.000144951 
0.00437076 0.00504562 
0.000222182 0.000673345 
0.00784191 0.0156986 
0.000480508 0.000142252 
0.00106344 0.00104781 
3.02925e-005 0.000238823 
0.000506794 0.000250922 
0.000856549 0.000556699 
0.00147697 0.00185098 
0.000868692 0.000879082 
0.0006851 0.000282658 
0.00285922 0.00303454 
0.000605999 0.000339994 
0.00138282 0.00107126 
0.000114596 0.000111183 
0.0020202 0.0015661 
0.000761121 0.00180044 
0.000847311 0.000361153 
0.00536155 0.00577326 
0.000519178 0.000345104 
0.000475292 0.000338627 
0.000502623 0.000237364 
0.000917999 0.000591933 
0.00550332 0.00635548 
0.00196877 0.00197258 
0.000524645 0.0004829 
0.00126664 0.000836242 
0.000785884 0.000946453 
0.00451973 0.00370272 
0.000411107 0.000316917 
0.000508718 0.00024823 
0.000131856 5.30981e-005 
0.000729634 0.000171872 
0.00188236 0.00117718 
0.00150888 0.00211662 
0.000492769 0.00041114 
0.000836145 0.000386471 
0.00135185 0.000988527 
0.000234693 0.000297078 
0.000836591 0.000371302 
0.000519422 0.000369002 
0.000440518 0.000309707 
0.00520365 0.005393 
0.000939558 0.000707215 
0.000374639 0.000426115 
0.00234924 0.0014112 
0.000490264 0.000395251 
0.000106533 1.09552e-005 
0.00247081 0.00193926 
0.00147466 0.00106397 
0.000273013 6.89332e-005 
0.00167479 0.00116699 
0.000829327 0.000522062 
0.000308422 0.000184232 
0.00146536 0.00218721 
0.00143261 0.00111795 
0.000993833 0.000626435 
0.0007548 0.000539061 
0.000217033 8.9073e-005 
0.00629505 0.0137563 
0.00182617 0.00177939 
0.00184528 0.0029356 
0.0001279 0.000223471 
0.00206755 0.0036379 
0.000566582 0.000928437 
0.00211144 0.00300441 
0.000376635 0.00032636 
0.000338973 0.000519646 
0.000254772 0.000268987 
0.000178318 0.00016263 
0.00127189 0.00104221 
0.000112691 3.14295e-005 
0.00028724 0.000698683 
6.54237e-005 0.000243003 
0.000280787 0.000213198 
0.000640214 0.000694522 
0.00573462 0.00603673 
0.000141202 4.00232e-005 
0.00112302 0.000794762 
0.000871071 0.000628497 
0.000643146 0.000714662 
0.000188406 0.000143669 
0.00438947 0.00419525 
0.000542107 0.000385748 
0.00150833 0.000856869 
0.00077222 0.000902543 
0.000761824 0.000897695 
0.00339236 0.0033407 
0.000484703 0.000412728 
0.000359208 0.000345893 
0.000464239 0.000349242 
0.000602193 0.000427737 
0.000852425 0.000853359 
0.00131667 0.00154681 
0.0002676 0.000246192 
0.000147577 9.41297e-005 
0.000432893 0.000446427 
0.000576509 0.000492758 
0.000336919 0.000343138 
0.000536318 0.000534443 
0.000370768 0.00035396 
0.000204176 7.31229e-005 
0.00111273 0.000804318 
0.000760474 0.000385677 
0.000168119 8.96314e-005 
8.56798e-005 4.98261e-005 
7.18293e-005 4.01144e-005 
0.000326 0.000300237 
0.000282733 0.000273502 
0.000240216 0.000429948 
0.00209561 0.00185815 
0.000345063 0.000166906 
0.000474876 0.00033921 
0.000827113 0.000457284 
0.000445268 0.000327302 
0.00090256 0.000710495 
0.000413902 0.000351791 
0.000576077 0.00034307 
0.000157852 0.00032701 
0.0024292 0.00138175 
0.00103645 0.00040197 
0.000524059 0.000333426 
0.00106165 0.000851531 
0.000305902 0.000299266 
0.00393562 0.00232371 
0.00215537 0.000858238 
0.00256892 0.00162262 
0.00117563 0.000343008 
0.000648144 0.000305271 
0.000728108 0.000605493 
0.000295837 9.03308e-005 
0.00126626 0.00143311 
0.000176388 9.74553e-005 
0.000201966 0.000110153 
0.00117338 0.00114609 
0.000285975 0.000142913 
0.000556458 0.00142742 
0.000226014 0.000954027 
0.000293908 0.000156056 
0.000638209 0.000256145 
0.00133915 0.000909326 
0.000945558 0.000640643 
0.000413397 0.000177964 
0.000283745 0.00044662 
0.00067172 0.000805586 
0.00266133 0.00155635 
0.000292299 0.000134066 
0.00112909 0.00109655 
0.00125754 0.00136288 
7.22913e-005 6.8557e-005 
0.000770894 0.000574722 
0.000724112 0.00072744 
0.000458182 0.00127402 
0.000543119 0.000539473 
0.000266739 0.000135888 
0.00109515 0.000426512 
0.000275981 0.00024901 
0.000673476 0.000798282 
0.000404933 0.00044191 
0.00102183 0.00068908 
0.000409466 0.000808877 
0.000852972 0.000823504 
0.000265323 9.90846e-005 
0.000465019 0.000508141 
0.0015186 0.000789177 
0.000637439 0.000247526 
0.000237334 2.67348e-005 
0.00164559 0.00141631 
0.000203064 0.000128008 
0.00259129 0.00243006 
0.000328188 0.000127489 
0.0063533 0.00966057 
0.00141588 0.00137891 
0.000279175 0.000317265 
0.000130465 0.000108374 
0.000521554 0.00052601 
0.000221582 0.000121494 
0.00210259 0.00197929 
0.000383875 0.000408346 
0.000143981 5.06789e-005 
0.00120472 0.00179069 
0.000489883 0.000555775 
0.000552088 0.000633585 
0.00430543 0.00433707 
0.00181917 0.00128982 
0.000189373 0.00028776 
0.00244605 0.00176542 
0.000350611 0.00017369 
0.00056151 0.000314968 
0.000567229 0.00045726 
0.0010168 0.000880345 
0.001288 0.000849988 
0.000436555 0.000329796 
0.000661919 0.000407205 
0.00107468 0.000716956 
0.000586502 0.000357573 
0.00254336 0.00308859 
0.000890167 0.000732682 
0.000365546 0.000162491 
0.00200136 0.00403109 
0.000194288 0.000644497 
0.00245654 0.00223072 
0.000367957 0.000193055 
0.000731271 0.000683487 
0.00035883 0.000360966 
0.00376975 0.00419445 
0.0050735 0.00618596 
0.000840714 0.000540068 
0.00115987 0.000791689 
0.000316888 0.00077356 
0.000790368 0.000760797 
0.00420972 0.00321529 
0.000570046 0.00013334 
0.000549111 0.000332316 
0.000721744 0.000211999 
0.000859886 0.000920491 
0.00158973 0.0020229 
0.0013738 0.000589357 
0.000654862 0.000480103 
0.000604824 0.00159731 
0.00159807 0.000760416 
0.000704556 0.000226348 
0.00422155 0.00354781 
0.000124541 9.24205e-005 
0.000956221 0.00128507 
0.000278823 0.000463202 
0.00293642 0.0031059 
0.000167456 5.17735e-005 
0.000626768 0.000984832 
0.00141681 0.000854008 
0.00123802 0.000599933 
0.000751012 0.000568602 
0.00615365 0.0123834 
0.000355237 0.00013328 
0.00119194 0.00082439 
0.000935455 0.00114444 
0.000961527 0.00153945 
0.000135808 0.000401485 
0.00063236 0.000657029 
0.000522274 0.000699537 
0.000805837 0.000554924 
0.00106889 0.000424464 
0.000198179 0.00029968 
0.000546692 0.00114534 
0.000681793 0.000893306 
0.00134633 0.00266402 
0.000736305 0.0010643 
0.000997478 0.000694057 
0.000371879 0.000459066 
0.00137118 0.00192143 
0.000929147 0.0013278 
0.00067529 0.000640601 
0.00425595 0.0033009 
0.000157185 5.64466e-005 
0.00229778 0.00199225 
0.000145982 0.000144843 
0.000846995 0.000589459 
0.000231441 0.000122245 
0.00719554 0.0114833 
0.000182134 0.000118506 
0.002001 0.00196627 
0.000174321 0.000143981 
0.000793354 0.000456033 
0.000552164 0.000657719 
0.00456122 0.00435737 
0.0016414 0.00152883 
0.000251549 0.000326825 
0.000757077 0.00132613 
0.00012592 0.000420167 
0.000703245 0.000271817 
0.000399939 0.000439202 
0.000151752 0.000180405 
0.000374979 0.000823189 
0.000298214 0.000726964 
0.00111059 0.00123879 
0.00265234 0.00255311 
0.000965638 0.000840414 
0.00736081 0.0130556 
0.00326339 0.00467985 
0.000358587 0.000438876 
0.000879459 0.00115976 
0.000186462 6.88171e-005 
0.000695535 0.000365022 
0.000536605 0.000214063 
0.00155848 0.0010873 
0.000595029 0.000927424 
0.00119481 0.000514943 
0.00204406 0.00201755 
0.000374308 0.000698075 
0.00694773 0.0117669 
0.00228252 0.00204269 
0.000965887 0.00072371 
0.0016531 0.00137671 
0.000206048 0.000278976 
0.00264939 0.0034493 
0.000517385 0.000745161 
0.00143922 0.00161291 
0.000449346 0.000224633 
0.00177255 0.00148594 
0.000657471 0.000733405 
0.000531454 0.000395803 
0.00303073 0.00298851 
0.000695816 0.000723393 
0.000597894 0.000288306 
0.000482911 0.000226157 
0.00208408 0.00139917 
0.000400144 0.000448611 
0.00101288 0.000682205 
0.000631858 0.000706214 
0.000861159 0.000249664 
0.000795182 0.000375905 
0.00198917 0.00246764 
0.000445929 0.000578482 
0.0034047 0.00281923 
0.000552638 0.000307988 
0.000446308 0.000296759 
0.00146594 0.00121192 
0.000692083 0.000335915 
0.000739117 0.000536761 
0.00120343 0.00093437 
0.000927902 0.000859271 
0.00075541 0.000814553 
0.0012011 0.000947321 
0.000848034 0.000675273 
0.00135935 0.00155981 
0.000398203 0.00086342 
0.00137604 0.00108559 
0.000571846 0.000523524 
0.000478227 0.000261798 
0.0019343 0.00149235 
0.0012148 0.0012239 
0.00113235 0.000801108 
0.00258355 0.00228574 
6.69712e-005 4.2063e-005 
0.0012992 0.00080039 
0.0025098 0.00328582 
0.000507099 0.00023595 
0.000395919 0.000372102 
0.000117342 0.000141278 
0.000471125 0.000203861 
0.000274773 5.67743e-005 
0.000943667 0.000492995 
0.000167802 6.09863e-005 
0.00081231 0.000623439 
0.000797146 0.000567084 
0.00381261 0.00351877 
0.000789835 0.000523982 
0.00257401 0.00207606 
0.000777016 0.00040132 
0.000432441 0.000456755 
0.00255649 0.00207149 
0.000204939 9.14484e-005 
0.000970235 0.00163393 
0.00297488 0.005035 
0.000214559 0.000136168 
0.000573415 0.000729799 
0.00467629 0.00356127 
0.000325566 0.000155399 
0.000228706 4.36533e-005 
0.000204131 7.80346e-005 
0.000505024 0.000204916 
0.000246113 0.000121112 
0.000409534 0.000280333 
0.000157637 0.000109145 
0.00116355 0.000670192 
0.00161215 0.00112857 
0.00180174 0.00177477 
0.000714054 0.000785144 
0.00268068 0.00146626 
0.00547771 0.0058968 
0.000692006 0.000408744 
0.00017726 0.00013987 
0.000430914 0.000352232 
0.000472717 0.000167696 
0.000828052 0.000451122 
0.00098964 0.00105409 
0.000513699 0.000401251 
0.00149859 0.00107897 
0.00770057 0.013991 
0.000529205 0.000234112 
0.002009 0.0015139 
0.000406171 0.000445027 
0.0012552 0.000823159 
0.000554398 0.000271588 
0.000337428 0.000289097 
0.00554916 0.00661618 
0.000516854 0.000314418 
0.000545586 0.000317854 
0.0014934 0.00112501 
0.000441342 0.000274617 
0.000243824 0.000177643 
0.0011541 0.000537957 
0.000812778 0.000574303 
0.000215591 6.68494e-005 
0.000131699 1.938e-005 
0.000939801 0.000789295 
0.00549088 0.00650378 
0.000798698 0.000608546 
0.00254656 0.00209993 
0.0003845 0.000242634 
0.000224975 0.000160381 
0.000798383 0.000560505 
0.00455419 0.00534169 
0.000370703 0.000354051 
0.00184938 0.00212508 
0.000411904 0.000223687 
0.00271959 0.00210511 
0.000385812 0.000202012 
0.00412824 0.00343595 
0.00292472 0.00207992 
0.00104029 0.000735968 
0.0013883 0.00126721 
0.00334208 0.00255777 
0.00101403 0.000525458 
0.0016828 0.000947304 
0.000640392 0.000257939 
0.000388622 0.000319286 
0.00175994 0.00144056 
0.000737363 0.000747686 
0.000891559 0.0006871 
0.0010424 0.000495463 
0.000725915 0.0002401 
0.00037566 0.000245305 
0.00268452 0.00169845 
0.000260357 0.00011088 
0.000213134 8.96801e-005 
0.000724636 0.000266131 
0.000730245 0.000694618 
0.000569309 0.000643429 
0.000136094 0.000294425 
0.000188722 0.000201404 
0.000718852 0.000628138 
0.00118433 0.000500519 
0.000275943 9.39233e-005 
0.000501801 0.000228818 
0.000388877 0.000168635 
0.00021798 0.00018956 
0.000216174 0.000104819 
0.000356112 0.0001466 
0.000103542 4.42293e-005 
0.000714939 0.00032333 
0.000441814 0.00034668 
0.000988622 0.00129792 
0.000361044 0.000377261 
0.000266004 0.000330844 
0.000857081 0.000628678 
0.00104692 0.000426111 
0.000494766 0.000204723 
0.00384524 0.00763769 
0.000390382 0.000622258 
0.000576033 0.00124974 
0.000557393 0.000965534 
0.000610213 0.000697709 
0.000681549 0.00130089 
0.00106908 0.00129687 
0.000714131 0.00053778 
6.41986e-005 0.00010412 
0.00200075 0.00272779 
0.000267674 0.000280026 
0.000422307 0.000514567 
0.00115157 0.0010554 
0.00195096 0.00220112 
0.000551623 0.000260927 
0.000165613 0.000311304 
0.000730039 0.00226086 
0.000169015 0.000505321 
0.000280477 0.000732385 
0.000243746 0.000124423 
0.000179227 0.000195295 
0.000403641 0.000535834 
0.000242045 0.00013165 
0.000111145 4.81365e-005 
0.00109992 0.000768901 
0.000107465 3.38925e-005 
0.00140307 0.00081021 
0.00147532 0.000835186 
0.000373646 9.78298e-005 
0.000156791 0.00012972 
0.00164483 0.000990725 
0.000279713 0.000141978 
0.000934443 0.000442875 
0.000491699 0.000238102 
0.000542674 0.00031708 
0.000734435 0.000538463 
0.000293023 0.00027365 
0.00072247 0.000981842 
0.000772939 0.000673672 
0.000170066 0.000135389 
0.00133017 0.00165397 
0.000681051 0.000564668 
0.00165299 0.00139626 
0.000515701 0.000534198 
0.000457206 0.000407564 
0.000713446 0.000398142 
0.00117792 0.000620999 
0.000136973 0.000147751 
0.000191294 5.23602e-005 
0.000375912 0.000240104 
0.000538349 0.000410397 
0.00390148 0.00372896 
0.000360108 9.25291e-005 
0.000390627 0.000335873 
0.000487566 0.000515383 
0.00327194 0.00264136 
0.00107026 0.000897664 
0.000750574 0.000549822 
0.00132671 0.000732808 
0.000545572 0.000361507 
0.00024765 8.98724e-005 
0.000411033 0.000287931 
0.000621882 0.000492307 
0.000406157 0.000246272 
0.000439239 0.000224229 
0.00160789 0.00116361 
0.000350367 0.000222513 
0.000684095 0.000885237 
0.00211358 0.00259418 
0.000457064 0.000436851 
0.000116349 4.08563e-005 
0.000611501 0.000754087 
9.33558e-005 0.00013605 
0.000503824 0.000492637 
0.00167659 0.00110629 
0.000471176 0.000451046 
0.000257488 0.00012459 
0.000736894 0.000510782 
0.00137223 0.000993953 
0.000432837 0.000208945 
0.000210046 0.00014733 
0.000610668 0.000328613 
0.00291228 0.00187431 
0.000316294 0.000197459 
0.00694414 0.0093721 
0.000801352 0.000260613 
0.000564011 0.000122391 
0.000377629 0.000164979 
0.000884654 0.00038163 
0.00113872 0.00155821 
0.0011247 0.00103483 
0.000921808 0.0005963 
0.000162089 5.92819e-005 
0.00188646 0.000836918 
0.000691289 0.000501863 
0.000365988 0.00019581 
0.000251839 0.000360357 
0.000571351 0.00064542 
0.00794285 0.0162313 
0.00100409 0.000573303 
0.00108727 0.00131021 
0.000792711 0.00148959 
0.00321314 0.00416352 
0.000538293 0.000754696 
0.000915594 0.000634083 
0.00131889 0.00108797 
0.000161162 0.000104213 
0.000209101 0.000347427 
0.000639866 0.000384727 
0.00101211 0.000833581 
0.000627524 0.000552287 
0.000341306 0.000322457 
0.000773359 0.000886405 
0.00129597 0.000761267 
0.00112847 0.00118468 
0.000681527 0.000476735 
0.000200638 7.32252e-005 
0.00084181 0.00065489 
0.00296705 0.00234553 
0.000386645 0.000234784 
0.00244428 0.00182122 
0.000626236 0.0003941 
0.0020689 0.00108103 
0.000252682 5.85918e-005 
8.08536e-005 4.68817e-005 
0.0037258 0.00257847 
0.000547645 0.000169529 
0.000205249 5.70773e-005 
0.00134144 0.000692802 
0.00132476 0.000885837 
0.00207254 0.00141047 
0.00352721 0.00218726 
0.000964985 0.000531044 
0.000934638 0.000457146 
0.00143164 0.000935076 
0.00200697 0.00145372 
0.00708714 0.0144517 
0.000365411 8.99573e-005 
0.0042376 0.0095274 
0.00248823 0.00380082 
0.000618742 0.000836071 
0.00188631 0.0014286 
0.000187426 0.000154735 
0.00120966 0.000775359 
0.000957437 0.000953699 
0.00188516 0.00161443 
0.000619024 0.000389645 
0.002857 0.00278068 
0.000679455 0.000586293 
0.000250254 0.000304396 
0.00106278 0.000922671 
0.000185137 0.000201572 
0.000155827 2.44104e-005 
8.65379e-005 1.46884e-005 
0.0077785 0.0144929 
0.000986751 0.000704217 
0.000168626 0.000549498 
0.00280986 0.00240545 
0.0010397 0.000727102 
0.000736526 0.000520994 
0.000466615 0.000185929 
0.000904054 0.000495087 
0.00118257 0.0022968 
0.000624841 0.000289391 
0.00328329 0.00280001 
0.000438403 0.000356299 
0.000366559 0.000524686 
0.000273299 0.000243067 
0.000184909 0.000197043 
0.000613264 0.000528604 
0.000562067 0.000474179 
0.00164261 0.00117322 
0.000178424 7.52147e-005 
0.000300415 0.000176041 
0.000132789 0.000143908 
0.000236609 0.000168346 
0.000859858 0.000707211 
0.000655544 0.0003434 
0.000577009 0.000288437 
0.00151815 0.00110494 
0.000821054 0.0010233 
0.000444877 0.000526624 
0.00030205 0.000164058 
0.000773856 0.00043483 
0.00306813 0.00216532 
0.00151776 0.00112972 
0.00078948 0.000926877 
0.000764546 0.000685415 
0.000351587 0.000487454 
0.000453485 0.000495188 
0.00036301 0.000340573 
0.00262245 0.00429664 
0.000186287 0.000389041 
0.000530148 0.000383085 
0.00133878 0.00122498 
0.000945232 0.000873811 
0.000669728 0.000401127 
0.00475004 0.00616821 
0.0011485 0.00109364 
0.00027219 4.58434e-005 
0.000124756 4.84816e-009 
0.00232052 0.00185378 
0.00032216 0.000237735 
0.00225736 0.00175791 
0.000331581 0.000205162 
0.00212625 0.00293037 
0.000446264 0.000219249 
0.000354226 0.000333469 
0.000465224 0.000609666 
0.00220967 0.00149981 
0.00406354 0.00349737 
0.00323954 0.0025073 
0.000673832 0.000715364 
0.00157677 0.000795058 
0.00273908 0.00194209 
0.00166941 0.00129572 
0.0038776 0.0039369 
0.000393739 0.000258797 
0.000438809 0.000462391 
0.00068923 0.000364146 
0.000262638 9.3145e-005 
0.00164285 0.000688069 
0.00300103 0.00351003 
0.000745438 0.00060064 
0.00593419 0.00774526 
0.00141095 0.00117249 
0.000289098 0.000259749 
0.00228242 0.00173254 
0.000516452 0.000382854 
0.000488179 0.000359383 
0.00117108 0.000780851 
0.000503552 0.000216671 
0.000500087 0.000216671 
0.00045948 0.000215304 
0.000634964 0.000367345 
0.00186044 0.00175568 
0.000362951 0.000263084 
0.000426591 0.000256469 
0.000646528 0.000457826 
0.00176302 0.001412 
0.000756915 0.00083184 
0.00322017 0.00269439 
0.000850958 0.000448165 
0.00076583 0.000373336 
0.000263196 0.000121453 
0.000600155 0.000416043 
0.000552661 0.000487338 
0.000308747 0.000300133 
0.00122959 0.00134865 
0.0011831 0.00212638 
0.000122861 0.000264456 
0.000638547 0.00065807 
0.00176274 0.00166451 
0.000313745 0.000142848 
0.000204221 0.000150631 
0.000433474 0.000135332 
0.000335582 8.32073e-005 
0.000924546 0.000791244 
0.0049383 0.0062442 
0.000632392 0.000293372 
0.000806302 0.000263384 
0.000792771 0.000931969 
0.000829896 0.000657014 
0.000484005 0.000210082 
0.000721702 0.0004981 
0.000441338 0.000415219 
0.000581459 0.000640975 
0.0019228 0.00250232 
