0.499074 0.500926 
0.00243032 0.00252084 
0.000414965 0.000463592 
0.00388591 0.00386351 
0.000441433 0.00045287 
0.000555212 0.000540224 
0.000664671 0.000652324 
0.000543449 0.000527813 
0.000912376 0.000883778 
0.000315499 0.00032096 
0.00135634 0.00131779 
0.000486952 0.000451193 
0.000830737 0.000816526 
0.00106721 0.00101876 
0.000828916 0.000728889 
0.00655768 0.0065815 
0.000697449 0.000688049 
0.00134118 0.00133326 
0.00346058 0.00350812 
0.000456244 0.000478442 
0.00346899 0.00351174 
0.000876947 0.000854824 
0.0012176 0.00125182 
0.000483054 0.000479575 
0.0104599 0.0106358 
0.00106325 0.00101872 
0.00118469 0.00120404 
0.000207062 0.000211885 
0.00516824 0.00522018 
0.00105523 0.00107166 
0.000356259 0.000332273 
0.00385394 0.00383104 
0.000401608 0.000408059 
0.000476947 0.000449192 
0.000947414 0.000888722 
0.000352399 0.000356549 
0.000395677 0.000389701 
0.00287998 0.00280667 
0.000572279 0.000526886 
0.000880091 0.000839414 
0.000773943 0.00073614 
0.00189097 0.00192376 
0.000301885 0.000306369 
0.000573615 0.000553999 
0.000329884 0.000334764 
0.000956609 0.000911888 
0.000275583 0.000288447 
0.00066435 0.000664856 
0.000727384 0.000690063 
0.00294266 0.00289733 
0.000481035 0.000379937 
0.000468387 0.000466059 
0.0014294 0.00143854 
0.000311111 0.000284756 
0.000971504 0.000929239 
0.000598574 0.000605834 
0.000585095 0.000611445 
0.00101315 0.000959993 
0.00150426 0.00153305 
0.01167 0.0119279 
0.00117963 0.0011319 
0.00109025 0.00117832 
0.000439143 0.000410458 
0.00108853 0.00107431 
0.000994623 0.000978884 
0.000376329 0.000372822 
0.00145881 0.00141262 
0.000328335 0.000316005 
0.000166959 0.000110408 
0.000728779 0.000729319 
0.00158552 0.00160882 
0.000647799 0.000653261 
0.000247837 0.000223183 
0.000692762 0.000680626 
0.00539372 0.00546616 
0.00155936 0.00146057 
0.00152168 0.00152748 
0.00374646 0.00376573 
0.000498426 0.000528985 
0.000259613 0.000268123 
0.00051571 0.0005439 
0.000508975 0.000546701 
0.000593462 0.000578504 
0.000617655 0.000602645 
0.00483444 0.00490975 
0.00123184 0.00118849 
0.000357353 0.000355564 
0.000638605 0.000621958 
0.00330762 0.00337123 
0.000665061 0.000660063 
0.000493625 0.000468794 
0.000728369 0.000754144 
0.000258228 0.000245129 
0.000471532 0.000454715 
0.000306647 0.000297445 
0.000403054 0.000398449 
0.000151953 0.000141984 
0.00197631 0.00198316 
0.00177604 0.00173995 
0.00178516 0.0017103 
0.00024866 0.0001898 
0.0104912 0.0107382 
0.000453418 0.000452849 
0.00023356 0.000237744 
0.00056684 0.000544637 
0.000877364 0.000895078 
0.000829095 0.000826337 
0.00103534 0.00105533 
0.00129234 0.00137493 
0.000690875 0.00070289 
0.00102055 0.00105007 
0.000858716 0.000930368 
8.21927e-005 3.4143e-005 
0.000245503 0.000245902 
0.00423497 0.00427635 
0.000245833 0.00023743 
0.00131923 0.0013353 
0.000391668 0.000397858 
0.000191224 0.000191427 
0.000800586 0.000745579 
0.00190932 0.00184809 
0.000333871 0.000318494 
0.000971027 0.000958202 
0.000527505 0.000491191 
0.00451859 0.00458507 
0.000811535 0.000840179 
0.00103154 0.0010714 
0.000830306 0.000780355 
0.000634713 0.000695082 
0.000298383 0.000342485 
0.00055842 0.000528817 
0.00243381 0.00248067 
0.000714805 0.000759843 
0.000905127 0.000919646 
0.00134108 0.00135369 
0.00052323 0.000524027 
0.00073407 0.000760534 
0.000222567 0.000224548 
0.00457835 0.00470311 
0.000385101 0.000441167 
0.01095 0.0112181 
0.000345699 0.000338975 
0.00104189 0.00107305 
9.90347e-005 0.000143071 
0.000395779 0.000409937 
0.000722571 0.000743786 
0.00162212 0.00164065 
0.000891917 0.000855828 
0.000512938 0.000526388 
0.00289843 0.00295463 
0.000505169 0.000489564 
0.00126784 0.0012372 
0.000123982 0.000109493 
0.00185691 0.00179985 
0.00115921 0.00123002 
0.000681439 0.000610816 
0.00551274 0.00552376 
0.000462334 0.000435621 
0.00043378 0.000407791 
0.000388787 0.000400796 
0.000775243 0.000791766 
0.00580063 0.00588508 
0.00194897 0.00198664 
0.000526457 0.00049226 
0.00107273 0.00110262 
0.000828923 0.000879395 
0.00417392 0.00416369 
0.000378001 0.000371117 
0.000409347 0.000396099 
0.000110833 9.44271e-005 
0.000503292 0.000495546 
0.00160422 0.00156941 
0.00173057 0.00179039 
0.00047887 0.000443164 
0.000653696 0.000647246 
0.00119788 0.00120279 
0.00025904 0.000268707 
0.000665581 0.000622921 
0.000459278 0.000459077 
0.000388404 0.000388982 
0.00526483 0.00527218 
0.000847242 0.000840372 
0.000386346 0.000411421 
0.00199291 0.00191742 
0.000451602 0.000454701 
8.77449e-005 5.2888e-005 
0.00225239 0.00223856 
0.00131786 0.00128789 
0.000205104 0.000177271 
0.00145684 0.0014675 
0.000707842 0.000697789 
0.000262777 0.00025676 
0.00172693 0.00180223 
0.00132048 0.00128115 
0.000847417 0.000836126 
0.000671392 0.000661742 
0.000164599 0.000169766 
0.00927913 0.00947662 
0.00182426 0.00178433 
0.00229409 0.00229774 
0.000169967 0.000172427 
0.00269778 0.00273621 
0.000727247 0.000710542 
0.00246272 0.00249593 
0.000378825 0.000337734 
0.000420066 0.000413642 
0.000292096 0.000234994 
0.000158381 0.000192379 
0.00119075 0.00116124 
9.18765e-005 7.30817e-005 
0.000474619 0.000447499 
0.000152464 0.000133327 
0.00025188 0.000259739 
0.000667538 0.000661604 
0.00584201 0.00584695 
0.000110806 9.44552e-005 
0.000999016 0.000974404 
0.000785356 0.000757044 
0.000691794 0.000657206 
0.000188938 0.000157147 
0.00429444 0.00430112 
0.000463352 0.000495601 
0.00126713 0.00120539 
0.000810728 0.000845068 
0.000802953 0.000836727 
0.00333577 0.00339134 
0.000443038 0.000471572 
0.000352322 0.000360695 
0.000416095 0.00042176 
0.000540506 0.000522679 
0.00084474 0.000863264 
0.00138701 0.00143702 
0.000248281 0.000275612 
0.000141026 0.000116517 
0.000421565 0.000460928 
0.000539529 0.000548083 
0.000337404 0.000347435 
0.000530614 0.000544971 
0.000363636 0.000369496 
0.000172359 0.000133376 
0.00098518 0.000984447 
0.000613729 0.000598513 
0.000151677 0.000125994 
6.46265e-005 8.46016e-005 
5.31495e-005 7.18993e-005 
0.000317488 0.000318931 
0.000272621 0.000291468 
0.000313318 0.00033132 
0.00203861 0.0019481 
0.000296629 0.000250711 
0.000420994 0.000420831 
0.000682118 0.000667074 
0.000408291 0.00038904 
0.000831099 0.000816158 
0.000389532 0.0003919 
0.000465176 0.000497809 
0.000211494 0.000252112 
0.00204373 0.00193474 
0.000807657 0.000738367 
0.000447345 0.000446839 
0.000993484 0.000955637 
0.000307777 0.000304427 
0.00331865 0.0031932 
0.00167767 0.00154738 
0.00218306 0.00215875 
0.000852823 0.000806205 
0.000512681 0.000502243 
0.000664318 0.000693364 
0.000239806 0.000186626 
0.00134409 0.00132622 
0.000158026 0.00013579 
0.000174881 0.000159279 
0.00114851 0.00117584 
0.000228565 0.000230633 
0.000864393 0.000977461 
0.000488042 0.000576186 
0.000245017 0.000234194 
0.000491369 0.000471095 
0.00116215 0.00115786 
0.00083351 0.000805563 
0.000337077 0.000298953 
0.000347295 0.000361755 
0.000713583 0.000744817 
0.002219 0.00217498 
0.000230837 0.000228317 
0.00110621 0.00112543 
0.00130028 0.00130174 
7.34973e-005 7.55545e-005 
0.000675332 0.000706538 
0.000710904 0.000743481 
0.000762066 0.000837747 
0.000519609 0.000568399 
0.000225015 0.000205779 
0.000813748 0.000821649 
0.00027871 0.000256782 
0.000727391 0.000726667 
0.000427824 0.000417933 
0.000899288 0.00086865 
0.000554464 0.000602006 
0.000842857 0.000840777 
0.00020445 0.00019421 
0.000509103 0.000461144 
0.00121872 0.00121001 
0.000515053 0.000438804 
0.000182895 0.000122631 
0.0015615 0.00153569 
0.000178296 0.000172068 
0.00253217 0.00250646 
0.000247007 0.000248436 
0.00764261 0.00777744 
0.00141735 0.00138167 
0.000280495 0.00031598 
0.000128366 0.000121293 
0.000516006 0.000535463 
0.000192831 0.000173516 
0.00204933 0.002047 
0.000393478 0.00040008 
0.000111449 0.000106003 
0.00143492 0.00146139 
0.000511446 0.00052791 
0.000579126 0.000597193 
0.0043148 0.0043007 
0.00161405 0.00157972 
0.00023013 0.000237174 
0.00216292 0.00215489 
0.000283696 0.000276104 
0.000457148 0.000465317 
0.000528305 0.000518851 
0.000971226 0.000949863 
0.00112521 0.00108571 
0.000396139 0.000393297 
0.000568915 0.000546589 
0.000917633 0.000935366 
0.000485849 0.000501132 
0.0027537 0.00277681 
0.000869823 0.000780732 
0.000291134 0.000276654 
0.00278661 0.00289782 
0.000367213 0.000402459 
0.00237335 0.002343 
0.000313624 0.000282193 
0.000703275 0.000722787 
0.000353802 0.00037139 
0.00389986 0.00397539 
0.00550007 0.00554482 
0.000715749 0.0007182 
0.00102887 0.000984638 
0.000492494 0.000526899 
0.000790984 0.000767575 
0.00379336 0.00377891 
0.000402421 0.000378755 
0.00045243 0.000470129 
0.000514275 0.000508752 
0.000878145 0.000894281 
0.00172423 0.00181312 
0.00105307 0.00104131 
0.000582878 0.000585231 
0.000958527 0.00108078 
0.00123796 0.00125954 
0.000507134 0.000507899 
0.00394172 0.0039205 
0.000123539 0.000105876 
0.00109912 0.00108791 
0.000355385 0.000361639 
0.00299007 0.00301168 
0.000125036 0.000120621 
0.000774467 0.000780353 
0.00119255 0.00117161 
0.000982214 0.000963064 
0.000655831 0.000697951 
0.00865744 0.00879267 
0.000281552 0.000249816 
0.00106322 0.00101469 
0.00101237 0.001034 
0.00119518 0.0012096 
0.000256694 0.000242625 
0.000632758 0.000656396 
0.000613485 0.000582491 
0.00072773 0.000677506 
0.000829968 0.000772564 
0.000262208 0.000224797 
0.000782234 0.000813111 
0.000776575 0.000765999 
0.00187252 0.0019141 
0.000863566 0.000884743 
0.000893348 0.000850301 
0.000423541 0.000397895 
0.00160038 0.00159773 
0.00108866 0.00110264 
0.000674013 0.000650933 
0.00392589 0.00376985 
0.000131508 0.000105885 
0.00223098 0.00210175 
0.000147286 0.000150811 
0.000739953 0.000742331 
0.000204479 0.00017384 
0.00887092 0.00904276 
0.000152109 0.000166232 
0.0019784 0.00198917 
0.000166257 0.000164007 
0.000649437 0.000659726 
0.000592147 0.000604252 
0.00446323 0.00446662 
0.00159475 0.00159127 
0.000304983 0.000266599 
0.000996565 0.000993175 
0.000249843 0.00025368 
0.000557595 0.000493047 
0.000430429 0.000407141 
0.000178421 0.000155669 
0.000548958 0.000579145 
0.000466233 0.000492663 
0.00117967 0.00114813 
0.00257189 0.00264086 
0.000885992 0.000943229 
0.0096131 0.00979909 
0.00378166 0.00390881 
0.000380421 0.000409328 
0.000963368 0.0010311 
0.000155565 0.000126096 
0.000581 0.000538331 
0.00042515 0.000384049 
0.0013588 0.0013641 
0.000722643 0.000747781 
0.000915044 0.000909532 
0.00202346 0.00203678 
0.000504374 0.00051885 
0.00885574 0.00900536 
0.00220164 0.00215608 
0.000879462 0.000852259 
0.00156867 0.00150396 
0.000232158 0.000247308 
0.0029326 0.00302148 
0.000593226 0.000635695 
0.00151098 0.00150992 
0.000368386 0.00034838 
0.00167894 0.00162338 
0.000671344 0.000710606 
0.000460078 0.000494872 
0.00301443 0.00299905 
0.000688563 0.000729656 
0.000468494 0.000474085 
0.000377851 0.000379406 
0.00180707 0.00178559 
0.000409409 0.000436715 
0.000890934 0.000860898 
0.000652614 0.000676825 
0.000609157 0.000607244 
0.000641681 0.000602549 
0.00212939 0.00224197 
0.000484093 0.000523263 
0.00319482 0.00311203 
0.000464131 0.000441924 
0.000399588 0.000373508 
0.00135781 0.00136104 
0.0005351 0.000556668 
0.000656472 0.000656619 
0.0010846 0.00109865 
0.000896296 0.000904245 
0.000784288 0.000778472 
0.00108175 0.00110969 
0.000765656 0.000789339 
0.00140617 0.0014785 
0.000563806 0.000625021 
0.00125145 0.00125799 
0.000551058 0.000556665 
0.000413337 0.000367622 
0.0017162 0.00178064 
0.00122052 0.00121631 
0.000991942 0.000997889 
0.0024513 0.00245876 
6.28211e-005 5.79676e-005 
0.00109249 0.0010906 
0.00279942 0.00285629 
0.000393291 0.00040027 
0.000395761 0.00038148 
0.000131168 0.000130639 
0.000361303 0.00036374 
0.0002002 0.000174137 
0.000776323 0.000737781 
0.000138307 0.000115222 
0.000731562 0.000738684 
0.000717791 0.000687643 
0.00372149 0.00364068 
0.000704466 0.000656486 
0.00237027 0.00235427 
0.000637273 0.000607044 
0.000453475 0.000436519 
0.00238726 0.00231254 
0.000182605 0.000139199 
0.00121713 0.00127671 
0.00378154 0.00386826 
0.000193796 0.0001766 
0.000644534 0.000636251 
0.00427389 0.00412683 
0.000257273 0.000258306 
0.000160813 0.00014922 
0.000157969 0.00015212 
0.000390787 0.000374349 
0.000206731 0.000187815 
0.000361534 0.000355368 
0.000150671 0.000131088 
0.000971985 0.000945021 
0.00140833 0.00141122 
0.00177046 0.00180666 
0.000750496 0.000739714 
0.00222197 0.00211908 
0.00563481 0.00563927 
0.000596396 0.000555172 
0.000171715 0.00015844 
0.000402955 0.00039855 
0.000362495 0.000334049 
0.000693137 0.000651768 
0.00100753 0.00102674 
0.000471273 0.000467183 
0.00132754 0.00131869 
0.0101953 0.0103891 
0.000410484 0.000407143 
0.00181513 0.00178551 
0.000408713 0.000441492 
0.00107776 0.00107309 
0.00044004 0.000438019 
0.000306949 0.000333747 
0.00598648 0.00596809 
0.000435914 0.000434091 
0.000433929 0.000472726 
0.00134977 0.00132856 
0.000389484 0.000359406 
0.000236064 0.000202646 
0.000938522 0.000857112 
0.000711098 0.000718876 
0.000153054 0.0001612 
8.48652e-005 9.24361e-005 
0.00087771 0.000878453 
0.00589682 0.00589681 
0.000697609 0.000744837 
0.00236802 0.00234437 
0.000344254 0.000311973 
0.000219982 0.000182436 
0.000697306 0.000704467 
0.00485356 0.00488618 
0.000376879 0.00035599 
0.00192757 0.00199626 
0.000332376 0.000340359 
0.00244873 0.00246951 
0.000322421 0.000301697 
0.00385072 0.00380991 
0.00259897 0.00253596 
0.000913702 0.000914969 
0.0013219 0.00135292 
0.00304192 0.00297508 
0.000847133 0.000775398 
0.00138833 0.00136246 
0.000492838 0.000473665 
0.00036111 0.000363936 
0.00162551 0.00162498 
0.000758326 0.00072766 
0.000808797 0.000806359 
0.000832197 0.000798766 
0.000541321 0.000509644 
0.000331568 0.000316775 
0.00228945 0.00224958 
0.000210576 0.000192029 
0.000171743 0.000158412 
0.000556631 0.000514369 
0.00071707 0.000716854 
0.000585015 0.000619662 
0.000211543 0.000199179 
0.000193011 0.000201808 
0.000682007 0.000683459 
0.000930596 0.000869263 
0.000218748 0.000187763 
0.000389855 0.000391571 
0.000306004 0.000294032 
0.000210941 0.000207929 
0.000166275 0.00018026 
0.00027729 0.000266366 
9.19615e-005 7.2995e-005 
0.000544016 0.000563847 
0.000406704 0.000402862 
0.00112134 0.00111406 
0.000352113 0.000389383 
0.000292491 0.000299678 
0.00076335 0.000763215 
0.000822029 0.000756253 
0.000396213 0.000356611 
0.00532921 0.00549534 
0.000486368 0.000492467 
0.000834527 0.000881815 
0.000707389 0.000751134 
0.000640265 0.000656876 
0.000938823 0.000942231 
0.00116168 0.00116649 
0.000633833 0.000651232 
7.5494e-005 9.38577e-005 
0.00229693 0.00230297 
0.000297515 0.000253875 
0.000466044 0.000460312 
0.00110986 0.00111356 
0.0020748 0.00202916 
0.000452177 0.000413436 
0.000223724 0.000235571 
0.00130844 0.00142767 
0.000293581 0.00033111 
0.000444238 0.000498823 
0.000213507 0.000180905 
0.000174309 0.00020461 
0.000460202 0.000462203 
0.000207245 0.000191359 
9.61505e-005 8.09265e-005 
0.000984116 0.000940785 
7.77347e-005 8.34367e-005 
0.00120279 0.00110829 
0.00121713 0.00119943 
0.000278602 0.000244689 
0.00015814 0.000139742 
0.00139548 0.00134704 
0.000234334 0.000216615 
0.000737977 0.000724006 
0.000391744 0.000385576 
0.000463747 0.000438247 
0.000663048 0.000645844 
0.000285979 0.000290048 
0.000817936 0.000845853 
0.000731651 0.000734526 
0.000140085 0.000178496 
0.00142596 0.00150306 
0.000634224 0.000634562 
0.00155144 0.00153781 
0.000520059 0.000531329 
0.000439919 0.000438142 
0.000590376 0.000577584 
0.000929469 0.000963974 
0.000129164 0.000161158 
0.000136402 0.000137505 
0.000335503 0.000308694 
0.000473913 0.000501102 
0.00380565 0.00383554 
0.000240615 0.000263092 
0.000369146 0.000372013 
0.000502943 0.00049997 
0.00303532 0.00296961 
0.00100075 0.000997044 
0.000669969 0.000667261 
0.00108049 0.00107843 
0.000458528 0.000484249 
0.000191735 0.000178702 
0.000370331 0.000354532 
0.00059046 0.000549023 
0.00035888 0.000325532 
0.00035295 0.000351919 
0.00142598 0.00141763 
0.000317145 0.00028267 
0.000764431 0.000774317 
0.00227523 0.00234544 
0.00044664 0.000455695 
9.76081e-005 7.94399e-005 
0.000649848 0.000695918 
0.000106208 0.000123551 
0.000503195 0.000499713 
0.00143613 0.00143981 
0.000459083 0.00047148 
0.000219378 0.000191189 
0.000663 0.000625554 
0.00120824 0.00122069 
0.000364494 0.000319806 
0.000193705 0.000180761 
0.000498978 0.000491811 
0.00255107 0.00239769 
0.000283431 0.000256036 
0.00787282 0.00799419 
0.000590922 0.000564823 
0.000406688 0.000358132 
0.000311488 0.000272168 
0.000672425 0.000681028 
0.00129647 0.00133004 
0.00107595 0.00109934 
0.000783363 0.000791619 
0.000125908 0.000119732 
0.00145438 0.00144154 
0.000622512 0.000605828 
0.000311078 0.000284789 
0.000286595 0.000313827 
0.000602767 0.000605625 
0.0112449 0.0114828 
0.000839539 0.000811618 
0.00116197 0.00119873 
0.00104222 0.0011256 
0.00358261 0.0036196 
0.000619651 0.000641288 
0.000801248 0.000797786 
0.00123694 0.00120769 
0.000140496 0.000141465 
0.000263442 0.000276422 
0.000545013 0.000526219 
0.000933429 0.000943664 
0.00058271 0.000613877 
0.00032843 0.000344384 
0.000824244 0.000819081 
0.0011163 0.00102971 
0.00113863 0.00116559 
0.000582411 0.000614182 
0.000158742 0.000143196 
0.000764969 0.000765632 
0.00269923 0.00270625 
0.000325545 0.000326986 
0.00219512 0.0021668 
0.000535126 0.000528166 
0.00171836 0.0015913 
0.000186238 0.000163968 
8.96727e-005 5.09219e-005 
0.00327398 0.00320621 
0.000413292 0.000371735 
0.000150287 0.000143683 
0.00107579 0.00106696 
0.00116587 0.00111747 
0.00177691 0.00181228 
0.00300442 0.00291976 
0.000820278 0.000749903 
0.000764182 0.000709485 
0.00119298 0.0012566 
0.00180618 0.00174175 
0.0100204 0.0102339 
0.000256452 0.000251008 
0.0063594 0.00649083 
0.00300877 0.00304956 
0.000728576 0.000692915 
0.00170699 0.0016802 
0.000184117 0.0001702 
0.00104052 0.00101751 
0.000971762 0.00094118 
0.00176989 0.00177063 
0.000539686 0.000511312 
0.00282003 0.00281899 
0.000656089 0.000628534 
0.000263707 0.000288356 
0.000979571 0.00103085 
0.00018636 0.000204523 
0.000127203 8.18e-005 
7.71801e-005 4.33232e-005 
0.0104247 0.0106677 
0.00085797 0.000882314 
0.000310269 0.000350702 
0.00262528 0.00264743 
0.000906531 0.000914146 
0.000635629 0.000661604 
0.000357136 0.00034765 
0.000722045 0.00074839 
0.00162575 0.00166542 
0.000492618 0.000482025 
0.00308546 0.00306491 
0.000413129 0.000400378 
0.000406307 0.000464286 
0.000246784 0.000281207 
0.000193686 0.000192984 
0.000571931 0.00058826 
0.000535185 0.00051997 
0.00148786 0.00140333 
0.000157836 0.000119713 
0.000264884 0.00023834 
0.000133871 0.000148222 
0.000229863 0.000192699 
0.000783719 0.000811596 
0.000541772 0.000513252 
0.000473794 0.000444273 
0.00131677 0.00137443 
0.000874624 0.000938551 
0.000481712 0.000480944 
0.000267322 0.000227717 
0.000651792 0.000616644 
0.00269794 0.00267503 
0.00136854 0.00134196 
0.000862848 0.000832592 
0.000722665 0.000743691 
0.000428022 0.000393325 
0.000479345 0.000467086 
0.000344143 0.000369037 
0.00327019 0.00335652 
0.000264262 0.000283721 
0.000491835 0.00045028 
0.0012871 0.00129485 
0.000908166 0.000924682 
0.000576501 0.000542919 
0.00532278 0.00533105 
0.00111775 0.001134 
0.000224303 0.000137351 
0.000104566 4.79362e-005 
0.00212977 0.00211547 
0.000293213 0.000286738 
0.00203418 0.00205838 
0.000297175 0.000266426 
0.0024178 0.002497 
0.000365114 0.000343581 
0.000337826 0.000359208 
0.000503544 0.00055224 
0.00195215 0.00186949 
0.00381874 0.00381812 
0.0029523 0.00290376 
0.000696408 0.000689111 
0.00127052 0.0012304 
0.00241052 0.00239458 
0.00152381 0.00150091 
0.00385781 0.00392878 
0.000335358 0.000345453 
0.000434529 0.000468046 
0.000563857 0.000547679 
0.000195991 0.0001947 
0.0012831 0.00120536 
0.00316851 0.00324462 
0.000684011 0.000689551 
0.00662614 0.00671508 
0.00130221 0.00132012 
0.000262893 0.000297322 
0.00206168 0.00203847 
0.000471891 0.00045435 
0.000441771 0.000432185 
0.00103826 0.000979123 
0.000405074 0.000367913 
0.000403385 0.000365569 
0.000374673 0.000346036 
0.000524338 0.000526965 
0.0018078 0.00182146 
0.000332189 0.000316142 
0.000359055 0.000357897 
0.000578853 0.00056086 
0.00160064 0.00163001 
0.000790987 0.000787912 
0.00302783 0.00296098 
0.000705036 0.00066404 
0.000630863 0.000576971 
0.000204743 0.000210182 
0.000513371 0.00053815 
0.000510528 0.000545117 
0.000296447 0.000320051 
0.00126518 0.0012928 
0.00151617 0.0016348 
0.000156744 0.000214388 
0.000654248 0.000642615 
0.00170031 0.00173989 
0.000267152 0.000223824 
0.000179548 0.000191131 
0.000305916 0.00031853 
0.000230404 0.000236894 
0.00086774 0.00087235 
0.00546358 0.00547221 
0.000491172 0.000495704 
0.000627775 0.000535374 
0.000869493 0.00083395 
0.000771922 0.000746337 
0.000380288 0.000364717 
0.000645734 0.000614687 
0.000442982 0.000422814 
0.000606769 0.00060968 
0.00217138 0.00215033 
