0.370739 0.629261 
0.00164219 0.00355657 
0.000220599 0.000722649 
0.00447957 0.00308964 
0.000596185 0.000253524 
0.000694128 0.000357796 
0.000946441 0.000284788 
0.000804666 0.000186507 
0.00129596 0.000381804 
0.000340451 0.000289317 
0.00163521 0.00095041 
0.000549272 0.00036535 
0.000890668 0.000736756 
0.000957351 0.00115471 
0.000831992 0.000711105 
0.00634616 0.00685941 
0.000738421 0.000633558 
0.0010926 0.0016549 
0.00410466 0.00267843 
0.000603175 0.000290736 
0.00410889 0.00268683 
0.00127493 0.000335054 
0.00158451 0.000780165 
0.000641256 0.000273694 
0.00788374 0.0140048 
0.0016033 0.000311415 
0.00161498 0.00064804 
0.000289453 0.000105577 
0.00515123 0.00524942 
0.00141915 0.000601425 
0.00044329 0.000215969 
0.00378056 0.00392315 
0.00054308 0.00022527 
0.00062139 0.000257829 
0.00146291 0.00021134 
0.000513464 0.000148003 
0.000525629 0.000220155 
0.00252849 0.00325291 
0.000676816 0.000384902 
0.00120382 0.000413489 
0.00109468 0.000314502 
0.00212429 0.00162535 
0.00039548 0.000185468 
0.000709401 0.000374997 
0.000458585 0.000168339 
0.00123216 0.000547955 
0.000379742 0.000154985 
0.000706449 0.000610266 
0.000966905 0.000373936 
0.00369614 0.00191279 
0.000558021 0.000266044 
0.000703601 0.000160348 
0.00143924 0.00142702 
0.000427986 0.000129379 
0.00124652 0.000566348 
0.000852043 0.000277745 
0.000721588 0.000437862 
0.00105648 0.000896408 
0.00150662 0.00153395 
0.0079916 0.0167392 
0.00172287 0.000420007 
0.00108692 0.00119478 
0.000492468 0.000337268 
0.00138592 0.000686227 
0.00129671 0.000584495 
0.00051542 0.00019175 
0.00187702 0.000863258 
0.000421323 0.000193574 
0.000224088 2.84388e-005 
0.000950271 0.000441821 
0.00209714 0.000947765 
0.000913007 0.000309681 
0.000312051 0.000136411 
0.000867672 0.000451859 
0.00348417 0.00795541 
0.00137694 0.0016838 
0.00210175 0.000775149 
0.00302854 0.00470049 
0.000463071 0.0005791 
0.000386081 0.000105097 
0.000723832 0.000277572 
0.000466833 0.000606617 
0.000725972 0.000404398 
0.000781504 0.000387843 
0.00487251 0.0048707 
0.00146629 0.000878119 
0.000479776 0.000196371 
0.000862672 0.000328747 
0.0028612 0.00395961 
0.000814828 0.000464924 
0.00061749 0.000304551 
0.000627465 0.000888706 
0.000285467 0.000207957 
0.000521746 0.000387202 
0.000368848 0.000215417 
0.000408288 0.000391018 
0.000210121 6.50878e-005 
0.0025731 0.00120928 
0.0019463 0.0015139 
0.00224555 0.00110223 
0.000283338 0.000136661 
0.00776851 0.0143072 
0.000596629 0.000266834 
0.000248349 0.000219119 
0.000635957 0.000451837 
0.000781931 0.00102143 
0.000985171 0.000623316 
0.000918035 0.00121038 
0.000850943 0.0019594 
0.000688997 0.000706984 
0.000956865 0.00113683 
0.000805795 0.00100896 
5.42554e-005 6.37909e-005 
0.000289352 0.000189027 
0.00407315 0.00449216 
0.000254619 0.000224864 
0.00141158 0.00121761 
0.000408124 0.000377345 
0.000265227 9.53736e-005 
0.000916494 0.000587506 
0.00207302 0.0016271 
0.000249844 0.00042547 
0.000959721 0.000971112 
0.000751298 0.000195624 
0.00443295 0.00470542 
0.000855059 0.000787618 
0.00108418 0.00100856 
0.000936753 0.000635263 
0.000795059 0.00049522 
0.000383451 0.000238116 
0.000560923 0.000521485 
0.00266224 0.00219054 
0.000867238 0.00056814 
0.00103584 0.000751939 
0.000869455 0.00196777 
0.000721934 0.00026615 
0.00096422 0.000465368 
0.000315413 0.000104274 
0.00474139 0.00450863 
0.000309649 0.000546858 
0.00787147 0.015252 
0.000492317 0.000147687 
0.001174 0.000905828 
3.7515e-005 0.000229016 
0.000547874 0.000214417 
0.00100947 0.000374214 
0.00116939 0.002231 
0.000834412 0.000925514 
0.000693769 0.000293461 
0.00312537 0.00266773 
0.000582124 0.000387498 
0.0014679 0.000973224 
0.000102873 0.000134901 
0.00199099 0.00161789 
0.000837862 0.001657 
0.000730812 0.000536976 
0.00552977 0.00550316 
0.000518504 0.000359009 
0.000523045 0.000288311 
0.000525409 0.000225069 
0.000921282 0.000604434 
0.00585082 0.00583155 
0.00210804 0.0017853 
0.000450874 0.000585678 
0.00142303 0.000651925 
0.000847118 0.000862729 
0.00460148 0.00360716 
0.000432219 0.000299775 
0.000453731 0.000336647 
0.000148821 4.28444e-005 
0.000716718 0.000217377 
0.00193508 0.00113503 
0.00171996 0.00181241 
0.000509447 0.000398541 
0.000811036 0.000442075 
0.00132094 0.00104369 
0.000289949 0.000229909 
0.000772581 0.000478117 
0.000572274 0.000312341 
0.00048003 0.000270099 
0.00514951 0.00542292 
0.0009455 0.000711852 
0.000400086 0.000397039 
0.00219593 0.00164342 
0.000477604 0.000421368 
9.8493e-005 3.41276e-005 
0.00247213 0.00195135 
0.00147448 0.0010804 
0.000293697 5.84096e-005 
0.00170729 0.00114381 
0.000823213 0.000546612 
0.000320214 0.000181358 
0.00153429 0.00206273 
0.00135589 0.00122974 
0.00109373 0.000514773 
0.000740544 0.000570628 
0.000230719 8.46315e-005 
0.00606396 0.0136782 
0.0017303 0.00190081 
0.00162719 0.00316409 
0.000132993 0.000220771 
0.00214036 0.00346522 
0.000474248 0.00103672 
0.00199845 0.00310329 
0.000351192 0.000367945 
0.000278644 0.00059637 
0.000237826 0.000297584 
0.0002027 0.000139525 
0.00140546 0.00087841 
0.000100937 5.87262e-005 
0.000227627 0.000764441 
4.4833e-005 0.000270431 
0.0003194 0.000173158 
0.000684478 0.000638792 
0.00548663 0.00630903 
0.000153376 3.69306e-005 
0.000887067 0.00111636 
0.000816034 0.00071331 
0.000537315 0.000853004 
0.000168247 0.000179627 
0.00468163 0.00379934 
0.000561982 0.00037199 
0.00166593 0.000679082 
0.000676994 0.00102344 
0.00066627 0.00101884 
0.00337812 0.00334401 
0.000513977 0.000383403 
0.000465841 0.000214463 
0.000473641 0.000347827 
0.000595275 0.000449113 
0.000928133 0.000757544 
0.00132522 0.00152415 
0.000288922 0.000226615 
0.000163996 8.33157e-005 
0.000459335 0.000417316 
0.000573799 0.000504768 
0.000372823 0.000302831 
0.000636688 0.000409229 
0.000441107 0.000269719 
0.000210174 7.89056e-005 
0.0011448 0.000777107 
0.000803096 0.000350552 
0.000171626 9.65524e-005 
9.49704e-005 4.79586e-005 
7.67139e-005 4.38895e-005 
0.000322997 0.000311978 
0.000325261 0.000225721 
0.000193383 0.000489519 
0.00197027 0.00202434 
0.000340807 0.000187022 
0.000554451 0.000247535 
0.000865185 0.000427315 
0.000395278 0.000403281 
0.000929422 0.000686439 
0.00045276 0.000310135 
0.00065314 0.000258265 
0.000203906 0.000267563 
0.00196321 0.00202426 
0.000746794 0.000807836 
0.0004806 0.000403593 
0.00109096 0.000823863 
0.000212732 0.000427367 
0.00338153 0.00309426 
0.00171649 0.00147902 
0.00262227 0.00158516 
0.0011182 0.000455222 
0.000629662 0.000348921 
0.000718993 0.000626381 
0.000311579 8.61085e-005 
0.0012557 0.00143852 
0.00019455 8.53042e-005 
0.000218497 0.0001005 
0.00123217 0.001071 
0.000283991 0.000158956 
0.000571149 0.00137378 
0.000256537 0.000888911 
0.000367824 7.32563e-005 
0.000536895 0.000409192 
0.00129409 0.000985967 
0.000891789 0.000726043 
0.000385244 0.000231159 
0.000296633 0.000429524 
0.000737244 0.000718403 
0.00263105 0.00163394 
0.000281645 0.000162003 
0.00106499 0.00118159 
0.00124592 0.00137253 
6.32868e-005 8.90949e-005 
0.00069765 0.000681863 
0.000682739 0.00078454 
0.000583295 0.00108029 
0.000606832 0.00046188 
0.00028718 0.000122416 
0.00111784 0.000427919 
0.000319551 0.000200734 
0.000710852 0.000748039 
0.000362533 0.00050134 
0.00104464 0.000675713 
0.000419544 0.000783732 
0.000809642 0.000883614 
0.000298215 7.10579e-005 
0.000393929 0.000604068 
0.00148193 0.000867063 
0.000629109 0.000280208 
0.000242785 3.65644e-005 
0.00162709 0.00144697 
0.000214309 0.000124452 
0.00251291 0.00252792 
0.000304807 0.000173589 
0.00646797 0.00932112 
0.00141644 0.00137793 
0.000299555 0.000296126 
0.000123239 0.000126974 
0.000410132 0.000675605 
0.000219835 0.000135792 
0.00220341 0.00184663 
0.000418517 0.00036848 
0.000149913 5.53131e-005 
0.00115438 0.00182927 
0.000510762 0.000531067 
0.000577521 0.000601767 
0.00460708 0.00391927 
0.00196136 0.00112406 
0.000184223 0.000297748 
0.00215905 0.0021588 
0.000308462 0.000242904 
0.000557597 0.000336026 
0.00052812 0.000517788 
0.000942732 0.000983912 
0.0011817 0.00100692 
0.000486045 0.000276177 
0.000732348 0.000331318 
0.00095671 0.000887075 
0.000497918 0.000487569 
0.00241316 0.00322213 
0.000706836 0.000980062 
0.000426841 9.84643e-005 
0.00205423 0.00386404 
0.000177002 0.000654278 
0.00225281 0.00249531 
0.000368486 0.00020663 
0.000763703 0.000647019 
0.000384138 0.000334428 
0.00398871 0.00387044 
0.00490349 0.00632555 
0.000803728 0.00060431 
0.00113302 0.000843317 
0.000294349 0.000788902 
0.000786692 0.000769919 
0.0045908 0.00274157 
0.000554613 0.000177894 
0.000614914 0.000261608 
0.000717159 0.000244577 
0.000854703 0.000926941 
0.00161652 0.00196522 
0.0013025 0.000715843 
0.000651465 0.000496504 
0.000672778 0.00146864 
0.00171418 0.000644211 
0.000787336 0.000144206 
0.00475525 0.00286133 
0.000145143 7.53918e-005 
0.00125759 0.000880615 
0.00043252 0.000262354 
0.00292703 0.00309651 
0.000143293 9.63088e-005 
0.00060489 0.00100133 
0.00148684 0.000786631 
0.0012948 0.000554573 
0.000878357 0.000414842 
0.00555143 0.012844 
0.000328237 0.000184827 
0.000953786 0.00115008 
0.00076757 0.00135482 
0.000794335 0.00173203 
7.4407e-005 0.000477356 
0.000514194 0.000813592 
0.00037942 0.000882114 
0.000551196 0.000899783 
0.000878803 0.000701245 
0.00016063 0.000351523 
0.000508457 0.00117282 
0.000531916 0.00108219 
0.00118525 0.00281214 
0.000589222 0.00124385 
0.000915237 0.000815945 
0.000293027 0.000563811 
0.00105867 0.00230069 
0.000818505 0.00145533 
0.000717487 0.000591306 
0.00360289 0.0041677 
0.000134845 9.80191e-005 
0.00171274 0.00275678 
0.000179346 0.000109673 
0.00091867 0.000510622 
0.000237817 0.000126332 
0.00743964 0.0109247 
0.000163994 0.000152748 
0.00212701 0.00179771 
0.000174236 0.000153337 
0.000908648 0.000324598 
0.00051345 0.000708097 
0.00492887 0.00386253 
0.0017503 0.00138883 
0.00023577 0.000351168 
0.000762535 0.00129656 
0.000163275 0.000366604 
0.000702901 0.00029549 
0.000457027 0.000369397 
0.000189224 0.000138506 
0.000410853 0.000762615 
0.000343576 0.000655557 
0.0011625 0.00116608 
0.0028449 0.00229591 
0.00108158 0.000697183 
0.00751203 0.0125526 
0.00354874 0.00422876 
0.000446955 0.000326929 
0.00101322 0.000975714 
0.000221803 3.60343e-005 
0.000678898 0.000405342 
0.000562094 0.000200583 
0.00163276 0.00100914 
0.000645712 0.000851129 
0.00121731 0.00051633 
0.00219769 0.0018124 
0.000413804 0.000638436 
0.00662527 0.0119219 
0.00213397 0.00223765 
0.000886681 0.000839135 
0.00144789 0.00165186 
0.00016338 0.000338695 
0.00284014 0.00315377 
0.000491058 0.000774199 
0.00124256 0.00185828 
0.000426454 0.000270229 
0.00196085 0.00124969 
0.000702242 0.000675902 
0.000611436 0.000303154 
0.00280244 0.00327216 
0.000644483 0.000792551 
0.000552457 0.000365843 
0.000450833 0.000284864 
0.00178485 0.00181148 
0.000456023 0.000379958 
0.00104394 0.000658099 
0.0005798 0.0007747 
0.000830821 0.000319184 
0.000838473 0.00034165 
0.00214795 0.00223339 
0.00048026 0.000533639 
0.00318938 0.00310767 
0.000573283 0.000297144 
0.000501339 0.000237805 
0.00143742 0.00125813 
0.000694447 0.000352753 
0.000834207 0.000425877 
0.00123215 0.000909021 
0.00094939 0.000836406 
0.000690698 0.000899182 
0.00100813 0.00120912 
0.000736754 0.000830128 
0.00119963 0.00175663 
0.000369083 0.000886278 
0.00135726 0.0011215 
0.000640377 0.00044147 
0.000557866 0.00017367 
0.00189455 0.00155796 
0.00132743 0.00107691 
0.00129598 0.000603962 
0.0027286 0.00209976 
7.76962e-005 3.79854e-005 
0.00139232 0.000701057 
0.00214739 0.00371068 
0.000438787 0.000342163 
0.00029838 0.000505944 
9.95695e-005 0.000171592 
0.000529277 0.000145987 
0.000278957 6.82893e-005 
0.000919115 0.000547074 
0.000177281 6.14383e-005 
0.000833677 0.000607086 
0.000703632 0.000701869 
0.0039894 0.0032817 
0.000862528 0.000444651 
0.00267317 0.0019588 
0.000752598 0.000453145 
0.000470284 0.000412357 
0.00251151 0.00214093 
0.000182573 0.000133255 
0.00110317 0.00143289 
0.00263367 0.00537054 
0.000218867 0.000141679 
0.000466955 0.000865668 
0.00391135 0.00457725 
0.000291078 0.000214557 
0.000194517 0.000103862 
0.000174326 0.000130077 
0.000534611 0.000185348 
0.000287662 8.01303e-005 
0.000487174 0.000191394 
0.000205952 5.66141e-005 
0.00102913 0.000867103 
0.00159776 0.00116567 
0.00189278 0.00165283 
0.000708756 0.00079242 
0.00263175 0.00157284 
0.00540383 0.00593977 
0.000650714 0.000478965 
0.000195491 0.000125741 
0.000460468 0.000323271 
0.000499371 0.000152415 
0.000779185 0.000534344 
0.00105464 0.000968222 
0.000563453 0.000346938 
0.00141395 0.00120528 
0.00782503 0.0134932 
0.000571281 0.000197913 
0.00223551 0.00123562 
0.000423721 0.000426526 
0.00138351 0.00067547 
0.000496532 0.000364393 
0.000416486 0.000195225 
0.00594751 0.00601615 
0.000592305 0.000230789 
0.000557211 0.000318011 
0.00149746 0.00113389 
0.000453132 0.000272621 
0.000213218 0.000227702 
0.00110742 0.000626604 
0.000906533 0.000466207 
0.00018812 0.000116796 
0.000112044 5.81919e-005 
0.000990022 0.000732735 
0.00563653 0.00623476 
0.000836935 0.000570455 
0.00269384 0.00191807 
0.000350799 0.000299025 
0.000225412 0.000170211 
0.000797251 0.000575691 
0.00461525 0.00520008 
0.000298915 0.000454334 
0.0019686 0.00195246 
0.000408054 0.000243203 
0.00270536 0.00213919 
0.000406376 0.000189837 
0.00413932 0.00342957 
0.00299029 0.00201921 
0.00110032 0.000672851 
0.00156755 0.00103826 
0.00322473 0.0027285 
0.00102838 0.000530185 
0.00162819 0.00104748 
0.000637571 0.000283108 
0.00040377 0.000308938 
0.00188534 0.00128756 
0.000730671 0.000759338 
0.000851143 0.000751043 
0.00103204 0.000534687 
0.000715437 0.000279214 
0.00043131 0.000185236 
0.0027687 0.00162185 
0.000267259 0.000115879 
0.0002428 6.43173e-005 
0.000783391 0.000214129 
0.00074727 0.000677613 
0.000642737 0.000549496 
0.000122654 0.000312883 
0.000176864 0.000223984 
0.000715181 0.000640587 
0.00120157 0.00050899 
0.000301993 7.54104e-005 
0.000581147 0.000143444 
0.000396096 0.000175412 
0.000251882 0.000154359 
0.000227051 0.00010328 
0.000358439 0.0001595 
0.000116287 3.87973e-005 
0.000678044 0.000392565 
0.000471533 0.000318162 
0.000921003 0.00137317 
0.000392666 0.00034187 
0.000279923 0.000316986 
0.00087089 0.000623572 
0.00110836 0.000375431 
0.000527298 0.000180957 
0.00364527 0.00770458 
0.000374111 0.000639056 
0.000615146 0.00117317 
0.000442978 0.00110046 
0.000518836 0.000816822 
0.000595718 0.00138817 
0.00132847 0.000950587 
0.000795811 0.000443327 
8.80432e-005 8.00962e-005 
0.00181823 0.00292532 
0.000203071 0.000370479 
0.000383413 0.000566805 
0.0012168 0.000975236 
0.00171293 0.0024927 
0.000592983 0.00022528 
7.94685e-005 0.000424497 
0.000736413 0.00218679 
0.000181114 0.000482304 
0.000346244 0.000633578 
0.000277407 9.34449e-005 
0.000176303 0.000206198 
0.000486907 0.000427806 
0.00027199 0.000105107 
0.000135022 2.83586e-005 
0.00108069 0.000809425 
0.000112027 3.96989e-005 
0.00141815 0.000815641 
0.00137746 0.000988814 
0.000369612 0.000121851 
0.000187759 9.87498e-005 
0.00159333 0.00108347 
0.000251871 0.000191402 
0.000975891 0.000413185 
0.000523419 0.000213766 
0.000559447 0.00031048 
0.000727375 0.000559953 
0.000299466 0.000273098 
0.000836482 0.000825623 
0.000826378 0.000611934 
0.000164672 0.000151868 
0.0012937 0.00168541 
0.000672808 0.000584513 
0.00170701 0.00133395 
0.000577661 0.000458095 
0.000452483 0.000421583 
0.000742864 0.000377837 
0.00113473 0.000702236 
0.000130167 0.000164266 
0.000202222 5.21992e-005 
0.000381096 0.000245802 
0.000604991 0.000334666 
0.00373375 0.00393301 
0.000351944 0.000121646 
0.000289353 0.000476006 
0.000489542 0.000516959 
0.00328378 0.00263795 
0.0011323 0.000825734 
0.000695351 0.000633933 
0.00124425 0.000865532 
0.00057289 0.000339314 
0.000237669 0.000117267 
0.000379287 0.000340726 
0.000616779 0.000509138 
0.000460897 0.00018848 
0.000528643 0.000123667 
0.00155349 0.00125091 
0.000323139 0.000270134 
0.000754909 0.000788042 
0.00218719 0.00246942 
0.000446084 0.000457665 
0.000102358 7.07685e-005 
0.000674016 0.00067089 
0.000112709 0.000117503 
0.000568813 0.000414037 
0.00177162 0.00100474 
0.000485316 0.000439129 
0.000286002 0.000100801 
0.00065297 0.000633413 
0.00134018 0.00105111 
0.000470173 0.000176437 
0.000243528 0.000114288 
0.000563492 0.00040706 
0.00294616 0.00186357 
0.000361511 0.000150884 
0.00695701 0.00919997 
0.000724255 0.000388112 
0.000547201 0.000169003 
0.000346159 0.000221732 
0.000942067 0.000332125 
0.000936947 0.00180145 
0.00121984 0.000915736 
0.000886274 0.000659143 
0.000176413 5.3307e-005 
0.00195769 0.000786301 
0.000699539 0.000503519 
0.000310837 0.000281478 
0.000289478 0.000313838 
0.000499845 0.000739648 
0.00796728 0.015771 
0.0010665 0.000513093 
0.00121687 0.00113252 
0.000827341 0.00141608 
0.00313301 0.00420845 
0.000530104 0.000760534 
0.000887155 0.000685771 
0.00131308 0.00110481 
0.00016889 0.000104733 
0.000293636 0.000239009 
0.000673384 0.000356957 
0.00109843 0.000730847 
0.000600949 0.000594493 
0.000338717 0.000333226 
0.000974769 0.000622935 
0.00131825 0.000755563 
0.00116388 0.00113652 
0.000700941 0.000464669 
0.000218975 6.28496e-005 
0.000845182 0.000661579 
0.00329354 0.0019356 
0.00043753 0.000181789 
0.00243596 0.00185019 
0.000600312 0.000442573 
0.00189025 0.00135061 
0.000242195 8.82461e-005 
6.61316e-005 7.61439e-005 
0.00360906 0.00276183 
0.000528237 0.000216767 
0.00017999 0.000104208 
0.00132158 0.000746617 
0.00134465 0.000878666 
0.00218002 0.00129378 
0.00358321 0.00215662 
0.00099023 0.000519544 
0.000857687 0.000580541 
0.00138053 0.00102186 
0.00185232 0.00167297 
0.00689327 0.0143234 
0.000386298 8.16712e-005 
0.00391158 0.00968707 
0.00257004 0.00362481 
0.000525843 0.000951215 
0.00201493 0.00127668 
0.000214702 0.000128571 
0.00123849 0.000757289 
0.000862036 0.00107943 
0.00190496 0.00159536 
0.000629748 0.000390468 
0.00278809 0.00286031 
0.000632716 0.000655081 
0.000234238 0.000330014 
0.00113658 0.000834064 
0.000219418 0.000164106 
0.000138797 6.0487e-005 
7.57802e-005 4.04731e-005 
0.00778686 0.014126 
0.00106115 0.000621872 
0.000169985 0.000538412 
0.00280714 0.00241437 
0.00089846 0.000925675 
0.000755 0.0005102 
0.000506684 0.000152177 
0.000899384 0.000521775 
0.0010802 0.00237919 
0.000605641 0.000333821 
0.00353727 0.00247548 
0.000448827 0.00035227 
0.000420052 0.000454432 
0.000255761 0.000274298 
0.000168507 0.000225577 
0.000697823 0.000427058 
0.000600288 0.000433346 
0.00154523 0.00131719 
0.000188294 7.49112e-005 
0.000291143 0.000200587 
0.000148066 0.00013177 
0.000243808 0.00016947 
0.000910698 0.000650576 
0.000686335 0.000321627 
0.000612109 0.000260621 
0.0016013 0.00101295 
0.000857611 0.000969453 
0.000519413 0.000431889 
0.000315523 0.000159675 
0.000761143 0.000469823 
0.0029655 0.00232448 
0.00166622 0.000951809 
0.000827693 0.000874063 
0.00083095 0.000605997 
0.000346224 0.000494742 
0.000506631 0.000429969 
0.000440081 0.000247908 
0.00265006 0.00417357 
0.000199322 0.000370718 
0.000589961 0.000317149 
0.00111461 0.00151987 
0.000791299 0.00107869 
0.000783321 0.000269765 
0.004405 0.00652378 
0.00101869 0.00126485 
0.00015214 0.000219055 
5.92073e-005 9.90202e-005 
0.00231944 0.00186724 
0.000339426 0.000225845 
0.00240399 0.00158158 
0.000359269 0.000181567 
0.00225418 0.00272035 
0.000431162 0.000254859 
0.000338598 0.000361153 
0.000531581 0.000522552 
0.00218204 0.00155963 
0.00401753 0.00355994 
0.00322007 0.00254941 
0.000521115 0.000915695 
0.00163302 0.000754222 
0.0029945 0.00163418 
0.00182877 0.0011018 
0.00414356 0.00356756 
0.000420917 0.000235759 
0.000504959 0.000381224 
0.000655332 0.000426682 
0.000291886 7.00177e-005 
0.00163847 0.000733254 
0.00309028 0.00335668 
0.00071456 0.000650651 
0.00612953 0.00737211 
0.00153272 0.0010233 
0.000330594 0.000214168 
0.00241855 0.00157193 
0.00047366 0.000449633 
0.000538608 0.000305135 
0.00127431 0.000664498 
0.000392471 0.000379153 
0.000388906 0.000379153 
0.000482246 0.00020242 
0.000661784 0.000348874 
0.00200029 0.00157342 
0.000400821 0.000224821 
0.000428111 0.000268078 
0.000692022 0.000411446 
0.00200288 0.00111181 
0.000731863 0.000864251 
0.00304994 0.00292305 
0.000824158 0.000503726 
0.000702925 0.00047598 
0.000221616 0.000189025 
0.000573484 0.000463517 
0.000578619 0.000461479 
0.000342188 0.000263917 
0.00127793 0.00128005 
0.00134306 0.00187591 
0.000151276 0.000229435 
0.000645859 0.000651903 
0.00179145 0.00162702 
0.000317785 0.00015211 
0.00021573 0.000145751 
0.000410268 0.000184784 
0.000311023 0.000133117 
0.000996058 0.000706384 
0.00421376 0.00709609 
0.000504139 0.000479492 
0.000573713 0.000592825 
0.000674567 0.00108213 
0.000718414 0.000812282 
0.000344208 0.000409414 
0.000593251 0.000678548 
0.000345638 0.00054642 
0.000528501 0.000711699 
0.00165355 0.00281974 
