0.356708 0.643292 
0.00161136 0.0035512 
0.000215411 0.000717631 
0.00447721 0.00312437 
0.000596626 0.000260811 
0.000701607 0.000356171 
0.000955814 0.000288242 
0.000814358 0.00018857 
0.00129494 0.000403986 
0.000344762 0.000285115 
0.00163233 0.000969663 
0.000550828 0.000367617 
0.000893155 0.000737178 
0.000955727 0.00115222 
0.000819473 0.000729467 
0.00630914 0.0068938 
0.000729916 0.000646552 
0.00109383 0.00164051 
0.00411395 0.00269948 
0.000609902 0.0002895 
0.00411496 0.00271178 
0.00130018 0.000325088 
0.00159724 0.000782706 
0.000648114 0.000273557 
0.00777073 0.0140057 
0.00161778 0.000322914 
0.00163034 0.000651014 
0.000297704 9.95036e-005 
0.00513662 0.00526537 
0.00142121 0.000617553 
0.00044709 0.000216434 
0.00376439 0.00394002 
0.000554433 0.000218393 
0.000633025 0.000251649 
0.00148642 0.000210669 
0.000518823 0.000149684 
0.000529962 0.000221742 
0.00251755 0.00324998 
0.000681384 0.000385887 
0.00120282 0.000432811 
0.00109902 0.000326932 
0.00213703 0.00162088 
0.000397109 0.000188242 
0.000715499 0.000375048 
0.000464296 0.000167861 
0.00124507 0.000547522 
0.000385349 0.000153141 
0.000704935 0.000614352 
0.000979595 0.000371688 
0.00372597 0.00191642 
0.000559698 0.000270632 
0.000711915 0.000162414 
0.00141947 0.00145193 
0.000431101 0.000132327 
0.00125809 0.000567491 
0.000859119 0.000282063 
0.000729142 0.000434939 
0.00105911 0.000896789 
0.00150817 0.0015314 
0.00786264 0.0166999 
0.00174948 0.000416654 
0.00108538 0.00119423 
0.000498235 0.000333634 
0.00138977 0.000697429 
0.00131099 0.000582999 
0.000522883 0.000189855 
0.00187671 0.000886831 
0.000427959 0.000190516 
0.000228619 2.7268e-005 
0.000958098 0.000443697 
0.00211537 0.000951349 
0.000920961 0.00031357 
0.000318392 0.000132529 
0.000872912 0.000454841 
0.00344635 0.00790027 
0.00135881 0.00169937 
0.00212533 0.000776108 
0.00299908 0.00469895 
0.000467277 0.000571208 
0.000384874 0.000113027 
0.000735597 0.000273121 
0.000473087 0.000595629 
0.000735622 0.00039973 
0.000776447 0.000403145 
0.00488077 0.00486045 
0.001483 0.000870748 
0.000486362 0.000194646 
0.000874045 0.000326788 
0.00284424 0.00395562 
0.000805761 0.000484221 
0.000620392 0.000308093 
0.000620674 0.000891193 
0.000285143 0.000210133 
0.000528459 0.000381916 
0.000374263 0.00021218 
0.000413951 0.000384359 
0.000214196 6.33278e-005 
0.00259334 0.00121524 
0.00195953 0.00150732 
0.00226214 0.00110772 
0.000286815 0.000135684 
0.00766948 0.014281 
0.000599005 0.000271416 
0.000243995 0.000225212 
0.000630339 0.000463047 
0.00078874 0.00100747 
0.000986235 0.000630266 
0.000918327 0.00120333 
0.000847041 0.00193891 
0.000691364 0.000703625 
0.000960051 0.00112874 
0.000809908 0.000999186 
5.19829e-005 6.64039e-005 
0.000287129 0.00019409 
0.00408088 0.00447294 
0.000257757 0.000221635 
0.00140498 0.00123027 
0.000408681 0.000377355 
0.000268659 9.49822e-005 
0.000920503 0.000590035 
0.00210759 0.00159424 
0.000250349 0.000420825 
0.00093821 0.000997651 
0.000759426 0.000198206 
0.00442506 0.00470903 
0.00085573 0.000788324 
0.00107852 0.00101734 
0.000939048 0.000639299 
0.000802942 0.000492257 
0.000389899 0.000233407 
0.00056613 0.0005159 
0.0026679 0.00219427 
0.000881911 0.000556701 
0.00102652 0.000770036 
0.000860181 0.0019542 
0.000729941 0.000266599 
0.000982926 0.000453473 
0.000316074 0.000108279 
0.00475019 0.00450299 
0.000308494 0.000542872 
0.00776546 0.0152153 
0.000493694 0.000153852 
0.00119159 0.00089004 
3.98412e-005 0.000221739 
0.000553256 0.000215337 
0.00101855 0.000377437 
0.00117299 0.00220224 
0.000835423 0.000922171 
0.000703135 0.000290947 
0.0031474 0.00265075 
0.000587522 0.000385224 
0.00146547 0.000987574 
0.000101846 0.000135449 
0.00198339 0.0016359 
0.000834966 0.00164188 
0.000729997 0.000542424 
0.00552072 0.00551505 
0.000522206 0.000358046 
0.000535321 0.000278387 
0.000525608 0.000231689 
0.000934896 0.00059472 
0.00584669 0.00583715 
0.00211016 0.00179005 
0.000450632 0.000582898 
0.00144852 0.000637809 
0.000833602 0.000879211 
0.00461306 0.00361548 
0.000439504 0.000293728 
0.000452533 0.000340817 
0.000148852 4.52287e-005 
0.000720037 0.000224661 
0.00194998 0.00113477 
0.00172174 0.00180807 
0.000514295 0.000395037 
0.000803975 0.000459309 
0.00133137 0.00103704 
0.000295147 0.000224808 
0.000772014 0.000485557 
0.000574275 0.000315793 
0.000483517 0.000270557 
0.0051285 0.00544284 
0.000951755 0.000709403 
0.000396378 0.000401728 
0.00220854 0.00164034 
0.000490929 0.000406055 
0.000101655 3.16603e-005 
0.00247517 0.00195948 
0.00147798 0.00108506 
0.000294078 6.33147e-005 
0.0017236 0.00113638 
0.000833569 0.000540037 
0.000325038 0.000178524 
0.00152959 0.0020565 
0.00135649 0.00123188 
0.00110307 0.000516379 
0.000732048 0.000585098 
0.000234887 8.27797e-005 
0.00598403 0.0136037 
0.00171575 0.00191504 
0.00161302 0.00314661 
0.0001307 0.00022162 
0.0021533 0.00341881 
0.000480584 0.00101596 
0.00198036 0.00310056 
0.00034873 0.000370629 
0.00027591 0.000592511 
0.000240155 0.000293316 
0.000208723 0.000133466 
0.00141628 0.000876975 
0.000101655 5.87974e-005 
0.000225229 0.000755152 
4.35665e-005 0.00026685 
0.00032581 0.000168516 
0.000697145 0.000624057 
0.005459 0.00632465 
0.00015372 3.91651e-005 
0.000883647 0.00111538 
0.000826035 0.0007032 
0.000538189 0.000844696 
0.000163654 0.00018509 
0.00469417 0.0038039 
0.000557055 0.000382474 
0.00168251 0.000681002 
0.000677464 0.00101493 
0.000666572 0.00101041 
0.00338896 0.00333129 
0.0005182 0.000381127 
0.000473565 0.000210589 
0.000478994 0.000344035 
0.000590732 0.000458114 
0.000928129 0.00076145 
0.00130266 0.00154771 
0.000279627 0.000239618 
0.000166418 8.21425e-005 
0.000456077 0.000422336 
0.000577674 0.000501519 
0.00036739 0.0003112 
0.000639089 0.000411441 
0.000447356 0.000265854 
0.000212893 7.85199e-005 
0.00113855 0.000793296 
0.000807098 0.000355915 
0.000174241 9.50118e-005 
9.64408e-005 4.72019e-005 
7.82881e-005 4.26791e-005 
0.000318982 0.000317232 
0.000327764 0.000224879 
0.000191857 0.000484648 
0.00196919 0.00202446 
0.00034357 0.000187096 
0.000563737 0.000242985 
0.000877552 0.000421922 
0.000398088 0.000399598 
0.000940149 0.000678633 
0.000453825 0.00031207 
0.000667893 0.000248916 
0.000203145 0.000267056 
0.00195428 0.00203398 
0.000735331 0.000820721 
0.000481733 0.000403943 
0.00110229 0.000815857 
0.00020409 0.000433225 
0.0033641 0.00312255 
0.00170387 0.00150017 
0.00261979 0.00161197 
0.00112189 0.00046579 
0.000623709 0.000362757 
0.000713743 0.000635039 
0.000319477 8.14254e-005 
0.00124829 0.00144357 
0.000191786 9.12457e-005 
0.000221465 9.95012e-005 
0.0012439 0.00106007 
0.000282717 0.000163404 
0.000562394 0.00136633 
0.000255898 0.000875245 
0.00037378 7.2573e-005 
0.00053922 0.000409215 
0.0012846 0.00100484 
0.000894582 0.000726354 
0.000392043 0.000226213 
0.000297835 0.000424988 
0.000743809 0.000710655 
0.00263378 0.00165334 
0.000283182 0.000162824 
0.0010601 0.00118502 
0.00123952 0.0013776 
6.17192e-005 9.04576e-005 
0.000707166 0.00067037 
0.000676508 0.000789975 
0.000582653 0.00106972 
0.000612005 0.00045875 
0.00028756 0.000125709 
0.00112543 0.000434248 
0.000320638 0.000202097 
0.000707278 0.000751642 
0.000363302 0.000497208 
0.00104896 0.000678767 
0.000411727 0.000785143 
0.000812383 0.000878508 
0.000306906 6.54262e-005 
0.000392015 0.000601647 
0.0014908 0.000870077 
0.000639129 0.000275704 
0.000246796 3.62842e-005 
0.00162544 0.00145315 
0.000215731 0.000124735 
0.00251115 0.00252976 
0.000308548 0.000171929 
0.00642588 0.00930831 
0.00142677 0.00136595 
0.000301255 0.000294086 
0.000122519 0.000127786 
0.000402874 0.000678577 
0.000217868 0.000140166 
0.00220365 0.00185449 
0.000428149 0.000357626 
0.000152483 5.42746e-005 
0.00114388 0.00182692 
0.000513502 0.000527189 
0.000594919 0.000579538 
0.00461436 0.00392593 
0.00197788 0.00112263 
0.000183753 0.000295737 
0.00216397 0.00215268 
0.000308168 0.000244769 
0.000563485 0.000333758 
0.000533065 0.000511863 
0.00094035 0.000985939 
0.00119362 0.000996068 
0.000492207 0.0002733 
0.000743537 0.000326549 
0.000957078 0.00088821 
0.00050064 0.000484415 
0.00239997 0.00322007 
0.00070561 0.000975341 
0.000432753 9.86078e-005 
0.00203667 0.00384453 
0.000169219 0.000653059 
0.00226009 0.0024807 
0.000368244 0.000210633 
0.000766075 0.000646734 
0.000382936 0.000337061 
0.00398873 0.00387312 
0.00488632 0.00631442 
0.000808474 0.000602959 
0.00112843 0.000855659 
0.000290324 0.000782606 
0.000782944 0.000774973 
0.00460366 0.00276784 
0.000564042 0.000174763 
0.000622861 0.000259788 
0.000732852 0.000235834 
0.000857161 0.000922227 
0.00162061 0.00195216 
0.00130827 0.000722067 
0.000642871 0.000510755 
0.000662047 0.00146381 
0.00172972 0.000649325 
0.000799335 0.000143966 
0.00476664 0.00289045 
0.000146971 7.471e-005 
0.00126324 0.000882194 
0.00043701 0.000260652 
0.00292927 0.00308984 
0.000142978 9.77758e-005 
0.000596477 0.00100275 
0.00149788 0.000788893 
0.00130547 0.000558209 
0.000886915 0.000414781 
0.00548201 0.0127637 
0.000335814 0.000178668 
0.000952097 0.0011477 
0.000768052 0.00134079 
0.000783956 0.00172352 
6.89897e-005 0.000474891 
0.000510671 0.000811134 
0.000370621 0.00088158 
0.000545279 0.000899184 
0.000879166 0.000704853 
0.000160341 0.000347518 
0.000504049 0.00116312 
0.000532096 0.00106939 
0.00118358 0.00277702 
0.000590502 0.00122729 
0.00092344 0.000807997 
0.000293454 0.000557087 
0.00104399 0.00229058 
0.000816724 0.00144298 
0.00071351 0.000599146 
0.00357544 0.00418899 
0.000137658 9.5358e-005 
0.00169075 0.00276031 
0.000181498 0.000108585 
0.000921314 0.000516659 
0.000242021 0.000123644 
0.00736808 0.0109342 
0.000163374 0.000153778 
0.00211557 0.00181949 
0.000168237 0.000161288 
0.000928083 0.000313743 
0.000517999 0.000697979 
0.00493041 0.00388499 
0.00174424 0.00140465 
0.000237396 0.000346504 
0.000760638 0.00128671 
0.000161926 0.000363635 
0.000705401 0.000301693 
0.000460704 0.00036682 
0.00018871 0.000140307 
0.000410134 0.000755466 
0.000341327 0.000651225 
0.0011581 0.00117148 
0.00285536 0.00229544 
0.00108297 0.000704238 
0.00743062 0.0125388 
0.00354245 0.00422104 
0.000448713 0.000327484 
0.00101878 0.000969645 
0.000225094 3.6182e-005 
0.000691211 0.00039626 
0.000564411 0.000205964 
0.00163829 0.0010165 
0.000636799 0.000857535 
0.00121755 0.000532054 
0.00221237 0.00180292 
0.000413612 0.000633539 
0.00654427 0.0119017 
0.00212974 0.00224055 
0.000884548 0.00084288 
0.00144508 0.0016507 
0.000162829 0.000335372 
0.00284372 0.00314215 
0.00048858 0.000770812 
0.00124365 0.00184284 
0.000427222 0.000272846 
0.0019534 0.00127524 
0.000697034 0.000682992 
0.000614085 0.000306904 
0.00277816 0.00329166 
0.000638106 0.00079711 
0.000552571 0.000369968 
0.000453314 0.00028557 
0.00178071 0.00181603 
0.000457598 0.000379735 
0.00104996 0.000659427 
0.000581853 0.000767686 
0.000830292 0.000331543 
0.00084769 0.00034153 
0.00215697 0.0022202 
0.000482602 0.000529501 
0.0031688 0.00313519 
0.000575584 0.000300593 
0.000499453 0.000246181 
0.00144072 0.00125812 
0.000699731 0.000353985 
0.000848905 0.000416904 
0.00124048 0.000906025 
0.00095472 0.00083235 
0.00068857 0.000897066 
0.00101089 0.0012011 
0.000738609 0.000825683 
0.00119393 0.001751 
0.000362539 0.000882603 
0.00137336 0.00110685 
0.000645731 0.000439349 
0.000567558 0.000170382 
0.0019117 0.00154429 
0.00132688 0.00108333 
0.00131027 0.000601988 
0.00275355 0.00208305 
7.65583e-005 4.03111e-005 
0.00139371 0.000715142 
0.00214013 0.00368398 
0.000439707 0.000343226 
0.000287207 0.000515117 
0.000103573 0.000164957 
0.000535365 0.000147167 
0.000286811 6.33225e-005 
0.000913617 0.000562431 
0.000181524 5.88018e-005 
0.000836323 0.000608971 
0.000702617 0.000703174 
0.00400152 0.00328279 
0.000872793 0.00044142 
0.00267687 0.00197054 
0.00076453 0.000445129 
0.000461413 0.000424735 
0.0025174 0.00214206 
0.000185522 0.00013071 
0.00108554 0.00144731 
0.00261938 0.00532576 
0.000220115 0.000141889 
0.000457511 0.000868315 
0.00387887 0.00460248 
0.000290972 0.000216439 
0.000191985 0.00010909 
0.000175225 0.000129969 
0.000540315 0.00018623 
0.000294076 7.68868e-005 
0.000479758 0.000207397 
0.000204533 6.17968e-005 
0.00102514 0.00087578 
0.00159397 0.00118027 
0.00189459 0.00165606 
0.000711126 0.000787555 
0.0026407 0.00158592 
0.00536967 0.00597008 
0.000647983 0.000486296 
0.000197415 0.00012494 
0.000458843 0.000328433 
0.000501492 0.000157706 
0.000776767 0.000542956 
0.00104603 0.00098093 
0.000573108 0.00033986 
0.00140331 0.00122331 
0.00772603 0.0134869 
0.000571212 0.000206536 
0.0022489 0.00124181 
0.000419753 0.000431405 
0.00139285 0.000680025 
0.000491487 0.0003737 
0.000426819 0.000187413 
0.00595288 0.00600789 
0.00059889 0.000230853 
0.000561496 0.000318144 
0.00150193 0.00113663 
0.000461079 0.00026685 
0.000211409 0.000229623 
0.00110918 0.000635409 
0.000913297 0.00046785 
0.000188786 0.000117597 
0.000112545 5.88e-005 
0.0010002 0.000725944 
0.00563393 0.00622432 
0.000841987 0.000570254 
0.00269987 0.0019283 
0.000349673 0.000301612 
0.000231206 0.000164255 
0.000797083 0.000580967 
0.00460207 0.00520312 
0.000297683 0.000452315 
0.00196992 0.00195118 
0.000411298 0.000242932 
0.00269916 0.00215986 
0.000408937 0.000191598 
0.0041147 0.00347649 
0.00298536 0.00204755 
0.0011091 0.00067168 
0.001586 0.00102738 
0.00321575 0.00275104 
0.00102947 0.000540216 
0.00162515 0.00106454 
0.000639186 0.000289202 
0.000410994 0.000302108 
0.0018914 0.00129369 
0.000723152 0.00076805 
0.000856744 0.000746354 
0.00104414 0.00053099 
0.000727742 0.000273861 
0.000430066 0.000192413 
0.00280747 0.00159977 
0.000272291 0.000113072 
0.000246877 6.33203e-005 
0.000792449 0.000215863 
0.000735659 0.000693672 
0.000645877 0.000547716 
0.00012326 0.000307779 
0.000181229 0.000217469 
0.000708319 0.000650842 
0.00120742 0.000517544 
0.00030394 7.81671e-005 
0.000590152 0.000142235 
0.000404011 0.000170598 
0.000256091 0.000151344 
0.000226632 0.000106632 
0.000362178 0.000159393 
0.000118605 3.7682e-005 
0.000685581 0.000389704 
0.000472731 0.000320177 
0.000910967 0.00137533 
0.000401196 0.000332405 
0.000275466 0.000321692 
0.000866814 0.000634307 
0.00111607 0.000382586 
0.000533109 0.000181638 
0.00362848 0.00763267 
0.000377709 0.000628515 
0.000617187 0.00115786 
0.000439034 0.00109034 
0.000519262 0.000809478 
0.000583537 0.00138522 
0.00131556 0.000975317 
0.000784733 0.000465189 
8.35097e-005 8.59258e-005 
0.00180333 0.00291857 
0.000195527 0.000376049 
0.00038664 0.000558591 
0.00122593 0.000969381 
0.00168939 0.0025042 
0.000598032 0.000227399 
7.61479e-005 0.000420744 
0.000725732 0.00216693 
0.000181573 0.000474845 
0.000341352 0.000633102 
0.000283504 9.0057e-005 
0.000173245 0.000209324 
0.000497216 0.000416314 
0.000279525 9.95365e-005 
0.000137958 2.7141e-005 
0.00108065 0.000815676 
0.000109276 4.47802e-005 
0.0014285 0.000816521 
0.00138014 0.000994363 
0.000366726 0.000131112 
0.000192419 9.49805e-005 
0.00159849 0.0010887 
0.000253189 0.000191144 
0.000976438 0.000425373 
0.000520051 0.000225043 
0.000565793 0.000308268 
0.000733813 0.000555762 
0.000299906 0.000273153 
0.000826501 0.000838306 
0.000828259 0.000614494 
0.000166624 0.000149729 
0.00129381 0.00167632 
0.00066036 0.00060204 
0.00170137 0.00134951 
0.000573632 0.000465849 
0.000452506 0.000422262 
0.000742094 0.000387145 
0.00115215 0.000690425 
0.000134162 0.00015851 
0.000202557 5.52128e-005 
0.000388458 0.000239725 
0.000613613 0.000330106 
0.00376217 0.00389304 
0.00036027 0.000116541 
0.000290701 0.000470058 
0.00049376 0.000511078 
0.00329964 0.00263296 
0.00115318 0.000806734 
0.000699103 0.000630664 
0.0012472 0.000870521 
0.000576465 0.000340202 
0.000233219 0.000125563 
0.000375527 0.000346292 
0.000628265 0.000497291 
0.000464845 0.000189791 
0.000539473 0.000119436 
0.00156634 0.00124182 
0.000318902 0.000276625 
0.000755217 0.000786901 
0.00217107 0.00248305 
0.000444294 0.00045963 
0.000103979 6.94716e-005 
0.00068078 0.000662536 
0.000114959 0.000114589 
0.000574419 0.000410594 
0.00179278 0.000995919 
0.00049033 0.000433938 
0.000297701 9.04623e-005 
0.000650399 0.000637064 
0.00132956 0.00107094 
0.000478715 0.000172512 
0.000244992 0.000115421 
0.0005716 0.000400537 
0.00296809 0.00186101 
0.000357379 0.000160848 
0.00690053 0.00921903 
0.000720792 0.000400114 
0.000551461 0.000172345 
0.000344621 0.000226494 
0.000948428 0.000338149 
0.000923497 0.00179844 
0.00121213 0.000932295 
0.000892076 0.000657109 
0.000187385 4.24542e-005 
0.00196431 0.000804844 
0.000702862 0.000503863 
0.000304965 0.000289465 
0.000288127 0.000314964 
0.000499675 0.000734376 
0.00784068 0.0157503 
0.00107316 0.000517448 
0.00121399 0.00113804 
0.000827196 0.0014028 
0.00313204 0.00418506 
0.000510352 0.000779871 
0.000887643 0.00068977 
0.00132247 0.00109787 
0.000170596 0.000104075 
0.000300818 0.000231311 
0.00067565 0.000361371 
0.00109525 0.000743216 
0.000592622 0.000605015 
0.000327735 0.000347033 
0.000970324 0.000636518 
0.00132686 0.000757716 
0.00115154 0.00115251 
0.000710591 0.00045805 
0.000223488 6.07975e-005 
0.000844295 0.000666884 
0.0033143 0.0019408 
0.000441374 0.000182849 
0.00244278 0.00185509 
0.000603539 0.00044216 
0.00188651 0.00136762 
0.00024477 8.85594e-005 
6.89761e-005 7.23713e-005 
0.00360688 0.00278391 
0.000530054 0.000221628 
0.00018299 0.000102204 
0.001334 0.000744294 
0.00133744 0.000898302 
0.0022002 0.0012889 
0.00360997 0.00215591 
0.00101289 0.000502073 
0.000862137 0.000581335 
0.00140068 0.00100497 
0.00185939 0.00166825 
0.00679993 0.0142698 
0.000393271 7.99509e-005 
0.00386727 0.0096102 
0.00257167 0.00359866 
0.000517499 0.000951884 
0.00203633 0.00126691 
0.000214202 0.000131164 
0.0012434 0.000762177 
0.000864018 0.00107199 
0.00190673 0.00160023 
0.000629582 0.000396147 
0.00279472 0.0028504 
0.000635194 0.000651482 
0.000228841 0.000334547 
0.00115155 0.000822328 
0.000221323 0.000162998 
0.000141584 5.88064e-005 
7.62414e-005 4.07059e-005 
0.00768575 0.014107 
0.00106651 0.000625243 
0.000163523 0.000538038 
0.00281241 0.00241679 
0.000898264 0.000925297 
0.000753049 0.00051823 
0.000512186 0.00015343 
0.000912899 0.000513573 
0.00108239 0.00234677 
0.000603507 0.000342696 
0.00355004 0.00248385 
0.000450017 0.000352996 
0.000424566 0.000448023 
0.000252429 0.000278024 
0.00017334 0.000218251 
0.000704906 0.000424427 
0.000596158 0.000442309 
0.00155089 0.00131535 
0.000191469 7.35491e-005 
0.000294108 0.000198964 
0.000156001 0.000122258 
0.0002454 0.000169186 
0.000911615 0.000655383 
0.00069451 0.000319784 
0.000621869 0.0002565 
0.00160118 0.00102656 
0.000860504 0.000963291 
0.000517619 0.000436126 
0.000317938 0.000160231 
0.000760567 0.000477203 
0.00297908 0.00232223 
0.00167159 0.000961454 
0.000837017 0.000861388 
0.000839929 0.000599956 
0.000339633 0.000499557 
0.000507467 0.000430681 
0.000440892 0.000251292 
0.0026326 0.00416048 
0.000201334 0.000364292 
0.000596365 0.00031541 
0.00109919 0.00152981 
0.000779284 0.00108709 
0.000798584 0.000262495 
0.00440083 0.00648053 
0.00101831 0.00125969 
0.00014648 0.000224576 
5.56135e-005 0.000102587 
0.00231492 0.00188323 
0.000337574 0.00023075 
0.00239874 0.00160693 
0.000363393 0.000180493 
0.00222084 0.00275122 
0.000426075 0.000265228 
0.000326751 0.000375397 
0.000531157 0.000523286 
0.00220028 0.00155113 
0.00401182 0.00357751 
0.00323648 0.0025443 
0.000515065 0.00091421 
0.00165561 0.000746177 
0.00301794 0.00163609 
0.00182183 0.00112707 
0.00415026 0.00357239 
0.000425013 0.000234891 
0.000512801 0.000374284 
0.000659875 0.000426252 
0.000292749 7.40172e-005 
0.00165326 0.000735528 
0.00305728 0.00339171 
0.000711375 0.000656081 
0.0061024 0.00737748 
0.00153611 0.00103073 
0.000327449 0.000220748 
0.00243962 0.00156504 
0.000470099 0.00045462 
0.000539356 0.000309543 
0.00129036 0.000658453 
0.000380733 0.000394081 
0.000377102 0.000394081 
0.000492825 0.000195641 
0.000664631 0.000352483 
0.00200061 0.00158279 
0.000407324 0.000220745 
0.000428639 0.000271079 
0.000695951 0.000412968 
0.00203049 0.00109779 
0.000733055 0.000859738 
0.00306261 0.00291016 
0.000829069 0.000504937 
0.000708182 0.00047462 
0.000222574 0.000188577 
0.000580286 0.000457559 
0.00057384 0.000470113 
0.000346817 0.000259941 
0.00128683 0.00126891 
0.00134843 0.00185703 
0.000154448 0.000223696 
0.000646774 0.000650625 
0.00179843 0.00162208 
0.000317349 0.000156442 
0.000214228 0.000149222 
0.000409328 0.00019111 
0.000311299 0.000136842 
0.000993513 0.000716179 
0.00417933 0.00707307 
0.000501675 0.000483126 
0.000560447 0.000608915 
0.000673253 0.00107445 
0.000722665 0.000804839 
0.000335035 0.000419351 
0.000590499 0.000680026 
0.000343615 0.000544349 
0.000529765 0.000705936 
0.00162818 0.00282468 
