0.49518 0.50482 
0.00242983 0.00252145 
0.000418361 0.000460184 
0.00388575 0.00386364 
0.000447504 0.000446676 
0.000557704 0.000537656 
0.000670845 0.000645995 
0.000538388 0.000532968 
0.000910665 0.00088549 
0.000315738 0.000320723 
0.00134309 0.00133129 
0.000503439 0.000434287 
0.000863683 0.000782819 
0.00110504 0.000980013 
0.000864448 0.000692425 
0.00653525 0.00660446 
0.000716188 0.000668876 
0.00136265 0.00131129 
0.00347333 0.00349515 
0.000461854 0.000472736 
0.00348198 0.00349852 
0.000881459 0.000850182 
0.00122302 0.00124633 
0.000488198 0.000474311 
0.0103851 0.0107125 
0.00106673 0.00101511 
0.00117538 0.00121358 
0.0002047 0.000214306 
0.00514824 0.0052407 
0.00105078 0.00107623 
0.000364326 0.000323992 
0.00387503 0.00380944 
0.000408753 0.000400762 
0.000480649 0.00044537 
0.000944541 0.000891582 
0.000348638 0.0003604 
0.00039605 0.000389311 
0.00291309 0.00277271 
0.000593114 0.000505521 
0.000880057 0.000839395 
0.000772906 0.000737152 
0.00190693 0.00190748 
0.000306605 0.000301549 
0.00058766 0.000539611 
0.000324634 0.000340139 
0.000968672 0.000899494 
0.000273599 0.000290493 
0.00068075 0.000648086 
0.000736866 0.000680318 
0.0029311 0.00290908 
0.000487915 0.000372769 
0.000477783 0.000456448 
0.00142643 0.00144159 
0.000314967 0.000280778 
0.000976274 0.000924307 
0.000590512 0.000614087 
0.000581923 0.000614723 
0.00104359 0.000928794 
0.00150521 0.00153211 
0.0115652 0.0120354 
0.00118013 0.00113133 
0.00107998 0.00118893 
0.000447058 0.000402326 
0.00111581 0.00104639 
0.000993831 0.000979673 
0.00037685 0.000372285 
0.00148611 0.00138464 
0.000332652 0.000311574 
0.000166161 0.00011115 
0.000728778 0.000729321 
0.00156947 0.00162526 
0.000635484 0.00066586 
0.000248078 0.000222904 
0.000694461 0.000678873 
0.00538766 0.00547245 
0.00159041 0.0014287 
0.0015136 0.00153575 
0.00372665 0.00378601 
0.00050459 0.000522721 
0.000260738 0.000266984 
0.000515671 0.000543977 
0.000501927 0.000553958 
0.000613248 0.000558252 
0.000630156 0.000589843 
0.00480352 0.00494146 
0.00124699 0.00117294 
0.000348754 0.000364355 
0.000642458 0.000617996 
0.0032712 0.00340856 
0.000672958 0.000651981 
0.000482095 0.000480551 
0.000742918 0.000739302 
0.000263884 0.000239327 
0.00047433 0.000451832 
0.000312096 0.00029186 
0.000408035 0.000393349 
0.000154142 0.000139733 
0.00199105 0.0019681 
0.00176964 0.00174644 
0.00181278 0.00168196 
0.000253368 0.000184909 
0.0104045 0.0108271 
0.000453804 0.000452454 
0.000233572 0.000237736 
0.000577213 0.000534001 
0.000876595 0.000895887 
0.000839725 0.000815464 
0.00103506 0.00105564 
0.00126558 0.0014024 
0.000706404 0.000687027 
0.00104014 0.00103008 
0.000840858 0.000948723 
7.94047e-005 3.69307e-005 
0.000246975 0.000244398 
0.00422615 0.00428543 
0.000251697 0.000231423 
0.00131331 0.00134138 
0.000392857 0.00039665 
0.000188726 0.000193981 
0.00081758 0.000728129 
0.00192512 0.00183186 
0.000338552 0.000313688 
0.000981319 0.000947661 
0.000526598 0.000492071 
0.0045095 0.00459446 
0.000809426 0.000842373 
0.00103748 0.00106538 
0.000827801 0.000782851 
0.000630761 0.000699202 
0.000296142 0.000344833 
0.000562094 0.00052502 
0.00241413 0.00250085 
0.000711746 0.00076303 
0.000905868 0.000918908 
0.00134668 0.00134799 
0.000520415 0.000526906 
0.000722689 0.000772206 
0.000221137 0.000226012 
0.00453374 0.0047489 
0.000369192 0.000457508 
0.0108552 0.0113153 
0.00035607 0.000328361 
0.00103787 0.0010772 
9.54547e-005 0.00014679 
0.000399617 0.000406031 
0.000713122 0.000753477 
0.00164008 0.00162231 
0.000892832 0.000854846 
0.000519395 0.000519802 
0.00287413 0.00297955 
0.000510946 0.000483636 
0.00126194 0.00124319 
0.000125565 0.000107855 
0.00186598 0.0017905 
0.00113014 0.00125984 
0.00069085 0.0006011 
0.0054908 0.00554621 
0.000463747 0.00043414 
0.00044014 0.000401254 
0.00039112 0.000398426 
0.000782125 0.00078475 
0.00575772 0.00592907 
0.00193153 0.00200452 
0.0005319 0.00048665 
0.00105999 0.00111568 
0.000812017 0.000896748 
0.00418833 0.00414894 
0.000381485 0.000367546 
0.000419388 0.000385815 
0.000108819 9.64652e-005 
0.000520383 0.00047806 
0.00161739 0.0015559 
0.00170602 0.00181557 
0.000479949 0.000442013 
0.000657937 0.000642901 
0.00120414 0.0011964 
0.000253096 0.000274798 
0.000676859 0.000611333 
0.000453104 0.00046539 
0.00038431 0.00039317 
0.00525568 0.00528155 
0.000853122 0.000834351 
0.000385534 0.000412284 
0.00201389 0.00189587 
0.000455945 0.000450265 
8.41518e-005 5.65162e-005 
0.00226081 0.00222993 
0.00132846 0.00127701 
0.000206834 0.000175465 
0.00145981 0.00146448 
0.000714547 0.000690921 
0.000265787 0.000253674 
0.00169978 0.0018301 
0.00132822 0.00127318 
0.000839997 0.000843699 
0.000683467 0.000649382 
0.000165668 0.000168679 
0.0092032 0.00955453 
0.00183832 0.0017699 
0.00229679 0.00229497 
0.000166861 0.000175606 
0.00266285 0.00277198 
0.000726741 0.000711038 
0.00245439 0.00250449 
0.000381778 0.00033466 
0.000418372 0.000415366 
0.000291535 0.000235493 
0.000159715 0.00019106 
0.00118316 0.00116897 
9.16712e-005 7.32669e-005 
0.000474899 0.000447177 
0.000151368 0.000134423 
0.000249152 0.000262538 
0.000659676 0.000669635 
0.00585479 0.00583389 
0.000107697 9.76121e-005 
0.00102725 0.000945498 
0.000796865 0.000745238 
0.000700744 0.000648008 
0.00018573 0.000160385 
0.0042677 0.00432847 
0.000459618 0.000499462 
0.00126362 0.00120889 
0.000825048 0.000830472 
0.000816961 0.000822448 
0.00332815 0.0033992 
0.000438362 0.000476391 
0.000342816 0.000370426 
0.000417318 0.000420516 
0.000537709 0.000525516 
0.000843335 0.000864725 
0.00139084 0.00143318 
0.000251952 0.000271894 
0.000137589 0.000119999 
0.000419608 0.000462981 
0.0005359 0.000551805 
0.000335608 0.000349284 
0.000528179 0.00054748 
0.000360523 0.000372687 
0.000167282 0.000138517 
0.000993778 0.000975654 
0.000616736 0.000595419 
0.000153793 0.000123797 
7.11095e-005 7.79989e-005 
5.9877e-005 6.50449e-005 
0.000317478 0.000318944 
0.000269221 0.000294969 
0.000315329 0.000329287 
0.002057 0.00192918 
0.000298714 0.000248519 
0.000417731 0.000424168 
0.000682832 0.000666324 
0.000408591 0.000388708 
0.000832937 0.000814259 
0.000383421 0.000398152 
0.000460973 0.00050215 
0.00020815 0.000255585 
0.00208191 0.00189556 
0.000838304 0.000706938 
0.000449199 0.000444944 
0.000992297 0.000956802 
0.000313815 0.000298249 
0.003365 0.00314564 
0.00172658 0.0014972 
0.00219292 0.00214864 
0.000877114 0.000781306 
0.000519689 0.000495063 
0.000669978 0.000687614 
0.000238771 0.000187615 
0.0013448 0.00132547 
0.00015498 0.000138876 
0.000178077 0.000155991 
0.00114147 0.00118308 
0.000230019 0.00022915 
0.000838145 0.00100445 
0.000465656 0.000599192 
0.000243745 0.000235481 
0.00050581 0.000456302 
0.00116998 0.00114986 
0.000845515 0.00079325 
0.000338988 0.000296949 
0.000347117 0.000361956 
0.000705238 0.000753392 
0.00223536 0.0021582 
0.000232101 0.000227021 
0.00111118 0.00112036 
0.00130137 0.00130063 
7.25556e-005 7.65201e-005 
0.000684051 0.000697664 
0.00071463 0.000739714 
0.000733887 0.000866662 
0.000515888 0.000572268 
0.00022837 0.000202323 
0.000822876 0.000812326 
0.000272943 0.000262651 
0.000715174 0.000739158 
0.000434776 0.000410812 
0.000904696 0.00086308 
0.000553249 0.00060331 
0.000845353 0.000838222 
0.000204076 0.000194578 
0.000504802 0.000465479 
0.00123001 0.00119845 
0.000513131 0.00044067 
0.000181157 0.000124328 
0.00156679 0.00153024 
0.000181136 0.000169156 
0.00253776 0.00250071 
0.000255496 0.000239758 
0.00758935 0.00783208 
0.00142332 0.00137553 
0.000279406 0.000317141 
0.000127131 0.000122546 
0.000521485 0.000529886 
0.000193342 0.000172968 
0.00204643 0.00204996 
0.000390281 0.000403358 
0.000111909 0.000105525 
0.00142836 0.00146813 
0.000505696 0.000533811 
0.000576259 0.000600149 
0.0042903 0.00432573 
0.00160783 0.00158604 
0.000228789 0.000238554 
0.00220223 0.00211468 
0.000293029 0.000266552 
0.000460934 0.000461456 
0.000537544 0.000509392 
0.000978831 0.000942059 
0.001143 0.00106746 
0.000392601 0.000396912 
0.000568193 0.000547297 
0.000928858 0.000923912 
0.000494453 0.000492354 
0.00275706 0.0027734 
0.000889267 0.000760732 
0.000289203 0.00027861 
0.0027467 0.00293878 
0.000359261 0.000410636 
0.00238749 0.00232851 
0.000312099 0.000283711 
0.000709205 0.000716749 
0.000358489 0.00036662 
0.00387516 0.00400075 
0.00548464 0.00556066 
0.00072466 0.000709092 
0.00103548 0.000977815 
0.000481749 0.000537931 
0.000798285 0.000760079 
0.00377696 0.00379566 
0.000416652 0.000364172 
0.000449684 0.00047296 
0.000513721 0.000509312 
0.000874494 0.000898036 
0.00170789 0.00182995 
0.00107078 0.00102319 
0.000587842 0.000580158 
0.000931283 0.0011088 
0.00123642 0.00126114 
0.000510482 0.000504477 
0.00391314 0.00394969 
0.000121875 0.000107555 
0.00107046 0.0011172 
0.000343134 0.000374175 
0.00297959 0.00302243 
0.000126742 0.000118871 
0.000770197 0.000784727 
0.00119278 0.00117135 
0.000984701 0.000960495 
0.000649868 0.000704104 
0.00862108 0.00883003 
0.000293679 0.000237374 
0.00110087 0.000976131 
0.00102662 0.00101946 
0.00120017 0.00120452 
0.000257306 0.00024198 
0.00064588 0.00064301 
0.000625167 0.000570505 
0.000750113 0.000654553 
0.000856599 0.000745257 
0.000259089 0.000227937 
0.000778233 0.000817243 
0.000791973 0.00075024 
0.00186293 0.00192395 
0.000868742 0.000879478 
0.000905266 0.000838058 
0.000435014 0.000386129 
0.00161475 0.00158304 
0.00109608 0.00109507 
0.000670818 0.00065417 
0.0039774 0.00371698 
0.000130932 0.00010644 
0.00227652 0.00205501 
0.000144101 0.000154074 
0.00073362 0.00074881 
0.000200252 0.000178122 
0.0088022 0.00911325 
0.00015794 0.000160289 
0.00196786 0.00199996 
0.000165643 0.000164632 
0.000641607 0.000667745 
0.000587724 0.000608792 
0.00444176 0.00448858 
0.00158575 0.00160047 
0.000304195 0.000267353 
0.000980297 0.00100981 
0.000244132 0.000259524 
0.000566176 0.000484188 
0.00042874 0.000408837 
0.000175037 0.0001591 
0.000535164 0.000593291 
0.000453751 0.000505461 
0.0011684 0.00115962 
0.00255694 0.00265625 
0.00087564 0.00095389 
0.00952172 0.00989277 
0.00373772 0.00395391 
0.00037227 0.000417701 
0.000938551 0.00105656 
0.000149689 0.000132066 
0.000594947 0.000524014 
0.00042912 0.000379937 
0.0013519 0.00137116 
0.000710421 0.000760311 
0.000924147 0.000900217 
0.00200362 0.00205708 
0.000498941 0.000524425 
0.00881297 0.00904928 
0.00223105 0.00212595 
0.000900331 0.000830884 
0.00158831 0.0014838 
0.000236825 0.000242557 
0.00290031 0.00305462 
0.000593694 0.000635273 
0.00152791 0.00149261 
0.000373853 0.000342763 
0.00167088 0.00163154 
0.000666092 0.000716027 
0.000459452 0.000495557 
0.00304259 0.00297023 
0.000693538 0.000724623 
0.000476617 0.000465787 
0.000385011 0.000372086 
0.00183815 0.00175378 
0.000407696 0.000438502 
0.000890965 0.000860828 
0.000648836 0.00068072 
0.000627572 0.000588412 
0.000645048 0.000599054 
0.00210031 0.00227185 
0.000474247 0.000533382 
0.00321666 0.00308959 
0.000469889 0.000436006 
0.000396511 0.000376621 
0.00137229 0.00134624 
0.000536029 0.000555747 
0.000644625 0.000668732 
0.00108807 0.00109512 
0.000901651 0.00089878 
0.000790836 0.000771769 
0.00110072 0.00109033 
0.000778613 0.000776122 
0.00141182 0.00147282 
0.000566179 0.000622676 
0.00125041 0.00125905 
0.00055051 0.000557232 
0.000412723 0.00036819 
0.00172102 0.00177579 
0.00121592 0.001221 
0.000982309 0.00100775 
0.00243294 0.00247755 
6.1001e-005 5.98223e-005 
0.00109403 0.00108902 
0.00282265 0.00283261 
0.000407365 0.000385888 
0.000404476 0.00037255 
0.000130769 0.000131046 
0.000365883 0.00035906 
0.000202481 0.00017177 
0.000783535 0.000730355 
0.000137419 0.0001161 
0.000732373 0.000737865 
0.000728652 0.000676498 
0.00371419 0.00364805 
0.000703376 0.000657538 
0.00235892 0.00236587 
0.000643756 0.000600376 
0.000451097 0.000438929 
0.00239625 0.00230326 
0.000184915 0.00013678 
0.00119916 0.00129516 
0.00378756 0.00386221 
0.000191662 0.000178759 
0.000657733 0.000622744 
0.00434118 0.00405782 
0.000268629 0.000246695 
0.000169113 0.000140717 
0.000165083 0.000144839 
0.000387571 0.000377615 
0.000201746 0.000192888 
0.000354178 0.000362881 
0.000145977 0.000135862 
0.000984801 0.000931881 
0.00141602 0.00140335 
0.00176242 0.00181493 
0.000755311 0.000734776 
0.00224386 0.00209656 
0.00563303 0.0056411 
0.000602223 0.00054916 
0.000169205 0.00016099 
0.000401724 0.000399803 
0.000366956 0.00032945 
0.000705361 0.000639214 
0.00100242 0.00103198 
0.000470309 0.000468164 
0.00133856 0.00130741 
0.0101074 0.0104792 
0.000409592 0.000408051 
0.00180835 0.00179239 
0.000404762 0.000445576 
0.00107242 0.00107853 
0.000452273 0.000425506 
0.000301951 0.000338893 
0.0059367 0.00601897 
0.000428862 0.000441299 
0.000433321 0.000473399 
0.00135058 0.00132771 
0.000391078 0.000357736 
0.00023455 0.000204151 
0.000953252 0.000841942 
0.000710847 0.000719144 
0.000161765 0.000152305 
9.14163e-005 8.57473e-005 
0.000875569 0.000880644 
0.00586019 0.00593427 
0.000696585 0.000745947 
0.00235302 0.00235968 
0.000342931 0.000313283 
0.000216981 0.000185456 
0.000697835 0.000703936 
0.00483486 0.00490534 
0.000383136 0.000349564 
0.00191273 0.00201153 
0.000335145 0.000337538 
0.00245901 0.00245903 
0.000318723 0.000305451 
0.00384796 0.00381268 
0.00260447 0.00253025 
0.000909261 0.000919511 
0.00131225 0.00136283 
0.00305224 0.00296444 
0.000853491 0.000768801 
0.00140441 0.00134598 
0.000499443 0.000466886 
0.000359697 0.000365385 
0.00162015 0.00163046 
0.000756819 0.000729161 
0.00081513 0.00079988 
0.000840131 0.000790609 
0.000545506 0.000505324 
0.000330988 0.000317349 
0.00229117 0.00224777 
0.000210472 0.000192112 
0.000167905 0.000162319 
0.000558201 0.000512709 
0.000714936 0.000719035 
0.000574516 0.000630443 
0.00020733 0.000203471 
0.000196206 0.000198552 
0.000683122 0.00068232 
0.000936409 0.000863238 
0.000216704 0.000189813 
0.000385841 0.000395678 
0.000307755 0.000292226 
0.000209047 0.000209862 
0.000170858 0.000175592 
0.00028239 0.000261137 
8.9817e-005 7.51628e-005 
0.000556521 0.000551085 
0.000403619 0.000406012 
0.00112167 0.00111372 
0.000351262 0.000390303 
0.000295484 0.000296628 
0.000774355 0.000751963 
0.0008247 0.000753435 
0.000396591 0.000356173 
0.0052842 0.00554159 
0.000479616 0.000499379 
0.000816547 0.000900263 
0.000714676 0.000743741 
0.0006509 0.000646024 
0.000935213 0.000945927 
0.0011486 0.00117987 
0.000631442 0.0006537 
7.66622e-005 9.26874e-005 
0.00230673 0.00229296 
0.000298609 0.000252699 
0.000473614 0.000452565 
0.0011078 0.00111568 
0.0020907 0.00201284 
0.000454218 0.000411298 
0.000222634 0.000236701 
0.0012788 0.00145813 
0.000284947 0.000339988 
0.000432579 0.000510817 
0.000206482 0.000188045 
0.000178453 0.000200412 
0.000453626 0.000468929 
0.000203562 0.000195104 
9.20506e-005 8.50987e-005 
0.00098391 0.000940938 
7.9578e-005 8.15593e-005 
0.00122543 0.00108501 
0.00124153 0.00117445 
0.000287773 0.000235266 
0.000153041 0.000144931 
0.00140589 0.00133633 
0.000237069 0.000213795 
0.000745571 0.000716223 
0.00039479 0.000382453 
0.000464819 0.000437118 
0.000664214 0.000644629 
0.000283997 0.00029208 
0.00081466 0.00084924 
0.000725518 0.000740801 
0.000144839 0.000173685 
0.0014118 0.00151765 
0.000638569 0.00063012 
0.00156297 0.001526 
0.000524522 0.00052678 
0.000440835 0.000437203 
0.000595227 0.000572607 
0.000945655 0.000947469 
0.000136941 0.000153248 
0.000137707 0.000136171 
0.000336766 0.000307368 
0.000473785 0.000501269 
0.00382828 0.00381243 
0.000254551 0.000248871 
0.00038605 0.000354731 
0.000503275 0.000499626 
0.0030444 0.00296023 
0.00100359 0.000994134 
0.000675931 0.000661161 
0.00109993 0.00105855 
0.000460026 0.000482751 
0.000197078 0.000173221 
0.000377664 0.000347013 
0.000592342 0.000547044 
0.000353312 0.000331182 
0.000347246 0.00035775 
0.00143605 0.00140732 
0.000319414 0.000280305 
0.000761356 0.000777474 
0.00225984 0.00236127 
0.000446827 0.000455515 
9.80759e-005 7.89376e-005 
0.000647749 0.000698124 
0.000106869 0.000122899 
0.000497726 0.000505301 
0.0014346 0.00144138 
0.000461805 0.000468712 
0.000217159 0.00019342 
0.000675579 0.000612641 
0.00121362 0.00121521 
0.000358573 0.000325801 
0.000189004 0.00018555 
0.00051006 0.000480469 
0.0025604 0.00238795 
0.000283959 0.00025546 
0.00784075 0.00802715 
0.000618455 0.000536636 
0.000411392 0.000353257 
0.000318008 0.000265449 
0.000680758 0.000672518 
0.00130368 0.00132271 
0.0010686 0.00110689 
0.000794293 0.000780454 
0.000129388 0.000116165 
0.00145924 0.00143656 
0.000624712 0.000603556 
0.000314578 0.000281177 
0.000287503 0.000312935 
0.000609964 0.00059827 
0.0111503 0.0115798 
0.000840395 0.000810705 
0.00114566 0.00121546 
0.00102161 0.00114679 
0.00357691 0.00362549 
0.000622974 0.000637919 
0.000809428 0.000789418 
0.00123773 0.00120685 
0.000139855 0.000142122 
0.000254991 0.000285081 
0.000541926 0.00052935 
0.000925264 0.000952027 
0.000589513 0.000606963 
0.000331368 0.0003414 
0.000810849 0.00083277 
0.00113748 0.00100794 
0.00113061 0.00117382 
0.000591295 0.00060514 
0.000157771 0.000144168 
0.000771379 0.000759079 
0.00268096 0.00272495 
0.000324246 0.000328316 
0.00219564 0.00216623 
0.000534738 0.000528553 
0.00173635 0.00157275 
0.00018886 0.000161258 
8.7343e-005 5.3253e-005 
0.00329273 0.00318695 
0.000427959 0.000356684 
0.000150098 0.000143868 
0.00108545 0.00105706 
0.00117059 0.00111257 
0.00176577 0.00182372 
0.00301748 0.0029063 
0.00082203 0.000748019 
0.000779136 0.000694121 
0.0012001 0.0012494 
0.00182454 0.00172289 
0.00993444 0.0103221 
0.000261638 0.000245698 
0.00631153 0.00653995 
0.00297469 0.00308447 
0.000729892 0.000691522 
0.00169867 0.00168867 
0.000183178 0.000171142 
0.00104619 0.00101167 
0.000985672 0.000926917 
0.00176833 0.00177222 
0.000539335 0.000511633 
0.00282225 0.00281672 
0.000660485 0.000624003 
0.000266481 0.000285551 
0.000981853 0.00102858 
0.000186607 0.000204295 
0.000127918 8.10091e-005 
7.47327e-005 4.57812e-005 
0.010337 0.0107577 
0.000853028 0.000887399 
0.000301002 0.00036023 
0.00262407 0.0026487 
0.000922153 0.000898182 
0.000638197 0.000659013 
0.000355129 0.000349689 
0.000728426 0.0007419 
0.00160113 0.00169065 
0.000504977 0.000469373 
0.00307385 0.00307675 
0.000414612 0.000398845 
0.000390295 0.000480735 
0.00025428 0.000273587 
0.00019514 0.000191496 
0.000568891 0.00059139 
0.000528988 0.000526286 
0.00149604 0.00139485 
0.000154591 0.000122981 
0.000265804 0.000237365 
0.000136021 0.000146042 
0.00022831 0.000194238 
0.000782311 0.000813072 
0.000549537 0.000505275 
0.000480741 0.00043713 
0.00132347 0.00136765 
0.00085575 0.000957935 
0.000467606 0.000495367 
0.00026878 0.000226174 
0.000658009 0.000610241 
0.00271654 0.00265598 
0.00136502 0.00134553 
0.000858646 0.000836849 
0.000724426 0.000741918 
0.000422085 0.000399349 
0.000482423 0.000463922 
0.000339693 0.00037362 
0.00324211 0.00338535 
0.00026092 0.000287164 
0.000483029 0.00045923 
0.00130486 0.00127669 
0.000918076 0.000914571 
0.000568008 0.00055156 
0.00532857 0.00532514 
0.00112146 0.00113022 
0.000224339 0.0001372 
0.000101002 5.15057e-005 
0.00213302 0.00211214 
0.000290642 0.000289359 
0.0020346 0.00205798 
0.00029457 0.000269049 
0.00238928 0.00252626 
0.000368794 0.00033979 
0.000340192 0.000356817 
0.000486228 0.000570011 
0.00196137 0.00185996 
0.00382803 0.00380862 
0.00296425 0.00289148 
0.000712709 0.000672433 
0.00127705 0.00122367 
0.00240534 0.00239986 
0.00151759 0.00150724 
0.0038243 0.00396314 
0.000329427 0.000351531 
0.000425582 0.000477239 
0.000570899 0.000540457 
0.000194286 0.000196443 
0.00129936 0.00118863 
0.00315586 0.00325767 
0.000686644 0.000686866 
0.00658264 0.00675967 
0.00129666 0.00132582 
0.000263076 0.00029718 
0.00205052 0.00204986 
0.00047712 0.00044898 
0.00043823 0.000435793 
0.00104287 0.000974338 
0.000421567 0.000351 
0.000419887 0.000348645 
0.000372952 0.000347758 
0.00052576 0.000525515 
0.00180041 0.00182903 
0.000332061 0.000316251 
0.000357094 0.0003599 
0.000581089 0.000558551 
0.00158291 0.00164817 
0.000794898 0.000783909 
0.00304815 0.0029401 
0.000709467 0.000659455 
0.000648887 0.00055847 
0.000215964 0.000198716 
0.000523886 0.00052743 
0.000509061 0.000546663 
0.000295857 0.000320686 
0.00126109 0.00129702 
0.0014986 0.00165292 
0.000158397 0.000212774 
0.00065466 0.000642178 
0.00169679 0.00174354 
0.000267144 0.000223775 
0.000179004 0.000191702 
0.000320254 0.000303886 
0.000242747 0.000224281 
0.000863049 0.000877153 
0.00549643 0.00543862 
0.00051162 0.0004748 
0.000657572 0.000504783 
0.000880118 0.000823039 
0.000787599 0.000730273 
0.000394846 0.00034981 
0.000660719 0.000599323 
0.000450797 0.000414796 
0.000612463 0.000603861 
0.002179 0.00214251 
