1	0.525973 0.474027 
2	0.486056 0.513944 
1	0.525973 0.474027 
1	0.511318 0.488682 
1	0.574801 0.425199 
2	0.495393 0.504607 
1	0.506169 0.493831 
1	0.523962 0.476038 
1	0.526586 0.473414 
1	0.503509 0.496491 
2	0.467869 0.532131 
1	0.504515 0.495485 
2	0.482764 0.517236 
1	0.538873 0.461128 
2	0.497688 0.502312 
2	0.494297 0.505704 
2	0.486656 0.513344 
2	0.49854 0.50146 
1	0.530807 0.469193 
1	0.541204 0.458796 
1	0.501453 0.498547 
1	0.586751 0.413249 
1	0.556927 0.443073 
1	0.529252 0.470748 
1	0.504607 0.495394 
2	0.496855 0.503145 
1	0.544985 0.455015 
2	0.481303 0.518697 
1	0.50523 0.494769 
2	0.495638 0.504362 
1	0.504646 0.495354 
2	0.492921 0.507079 
1	0.620228 0.379772 
1	0.501044 0.498956 
1	0.527438 0.472562 
2	0.484486 0.515514 
1	0.517444 0.482556 
1	0.516454 0.483546 
2	0.490263 0.509737 
2	0.497273 0.502727 
1	0.526957 0.473043 
2	0.488957 0.511043 
1	0.536897 0.463103 
2	0.492694 0.507306 
1	0.523635 0.476365 
2	0.487692 0.512308 
1	0.502601 0.497399 
1	0.503406 0.496594 
2	0.484098 0.515902 
1	0.512999 0.487001 
1	0.50189 0.49811 
2	0.488591 0.511409 
1	0.546959 0.453041 
1	0.515849 0.484151 
1	0.540276 0.459724 
2	0.497099 0.502901 
1	0.512022 0.487978 
1	0.512186 0.487814 
1	0.501579 0.498421 
1	0.561206 0.438794 
1	0.535263 0.464737 
1	0.696934 0.303066 
1	0.522262 0.477738 
1	0.570553 0.429447 
1	0.537879 0.462121 
1	0.537542 0.462458 
1	0.552722 0.447278 
1	0.588298 0.411702 
1	0.554893 0.445107 
1	0.529376 0.470624 
1	0.502682 0.497318 
1	0.521816 0.478184 
2	0.494936 0.505064 
1	0.509662 0.490338 
1	0.525981 0.474019 
1	0.507279 0.492721 
2	0.493314 0.506686 
1	0.511164 0.488836 
2	0.489807 0.510193 
1	0.521162 0.478838 
2	0.489035 0.510966 
2	0.481673 0.518327 
1	0.555821 0.444179 
1	0.532012 0.467988 
1	0.574968 0.425032 
2	0.488431 0.511569 
1	0.504617 0.495383 
2	0.493593 0.506407 
2	0.498467 0.501533 
2	0.486605 0.513395 
1	0.594348 0.405652 
1	0.507867 0.492133 
1	0.548117 0.451883 
2	0.477067 0.522933 
1	0.53626 0.46374 
1	0.531322 0.468678 
1	0.509219 0.490781 
2	0.494354 0.505646 
1	0.541883 0.458117 
1	0.52786 0.47214 
1	0.568751 0.431249 
1	0.50061 0.49939 
2	0.487692 0.512308 
1	0.55687 0.44313 
1	0.520281 0.479718 
2	0.49429 0.50571 
1	0.5017 0.4983 
1	0.50767 0.49233 
2	0.482129 0.517871 
1	0.582976 0.417024 
1	0.583777 0.416223 
1	0.503266 0.496734 
1	0.547827 0.452173 
1	0.534517 0.465483 
2	0.489807 0.510193 
2	0.486207 0.513793 
1	0.519186 0.480814 
2	0.492741 0.507259 
1	0.500967 0.499033 
1	0.535791 0.464209 
1	0.55171 0.44829 
1	0.513603 0.486397 
1	0.50392 0.49608 
2	0.497449 0.502551 
1	0.502426 0.497574 
1	0.520352 0.479648 
1	0.585232 0.414768 
1	0.53108 0.46892 
1	0.566375 0.433625 
1	0.500442 0.499558 
1	0.52635 0.47365 
2	0.497736 0.502264 
1	0.531875 0.468125 
1	0.521697 0.478303 
2	0.498393 0.501607 
2	0.486929 0.513071 
1	0.530406 0.469594 
2	0.49159 0.50841 
1	0.54531 0.45469 
1	0.507279 0.492721 
2	0.497277 0.502723 
1	0.510641 0.489359 
2	0.49944 0.50056 
1	0.506033 0.493967 
1	0.526725 0.473275 
1	0.503493 0.496507 
2	0.499481 0.500519 
1	0.5424 0.4576 
1	0.500459 0.499541 
2	0.495089 0.504911 
2	0.497202 0.502798 
1	0.535299 0.464701 
2	0.492825 0.507175 
1	0.523968 0.476032 
1	0.509807 0.490193 
2	0.484163 0.515837 
1	0.511425 0.488575 
2	0.499233 0.500767 
1	0.51663 0.48337 
2	0.481462 0.518538 
1	0.502827 0.497173 
1	0.506464 0.493536 
2	0.496995 0.503005 
1	0.500705 0.499295 
1	0.513707 0.486293 
1	0.536407 0.463593 
1	0.538046 0.461954 
1	0.509859 0.490141 
1	0.529691 0.470309 
1	0.51679 0.48321 
1	0.553115 0.446885 
1	0.564252 0.435748 
2	0.497982 0.502018 
1	0.516189 0.483812 
1	0.541979 0.458021 
1	0.505008 0.494992 
2	0.493391 0.506609 
1	0.500003 0.499997 
2	0.482286 0.517714 
1	0.521991 0.47801 
1	0.524273 0.475727 
1	0.505346 0.494654 
2	0.499118 0.500882 
1	0.506567 0.493433 
1	0.505649 0.494351 
1	0.5085 0.4915 
2	0.494748 0.505252 
1	0.500619 0.499381 
2	0.495598 0.504402 
2	0.49202 0.50798 
1	0.521365 0.478635 
1	0.547733 0.452267 
2	0.482975 0.517025 
2	0.49761 0.50239 
1	0.50467 0.49533 
1	0.531155 0.468845 
1	0.507879 0.492121 
1	0.526276 0.473724 
1	0.512994 0.487006 
2	0.486602 0.513398 
2	0.478268 0.521732 
2	0.485096 0.514904 
2	0.485105 0.514895 
2	0.490268 0.509732 
1	0.510469 0.489531 
2	0.475062 0.524938 
2	0.499107 0.500893 
2	0.468377 0.531623 
2	0.480684 0.519316 
2	0.46596 0.53404 
1	0.511686 0.488314 
2	0.480465 0.519535 
2	0.467475 0.532525 
2	0.485102 0.514898 
2	0.494092 0.505908 
2	0.494628 0.505372 
2	0.475507 0.524493 
1	0.505539 0.494461 
1	0.503091 0.496909 
2	0.493248 0.506752 
2	0.486775 0.513225 
1	0.508643 0.491357 
2	0.481631 0.518369 
2	0.491991 0.508009 
1	0.505057 0.494943 
1	0.522236 0.477764 
1	0.500458 0.499542 
2	0.483206 0.516794 
2	0.490701 0.509299 
1	0.505916 0.494084 
2	0.473567 0.526433 
2	0.492633 0.507367 
2	0.472833 0.527167 
1	0.503632 0.496368 
1	0.517586 0.482414 
1	0.544892 0.455108 
2	0.475017 0.524983 
2	0.487783 0.512217 
2	0.473469 0.526531 
2	0.461975 0.538025 
1	0.512927 0.487073 
2	0.470515 0.529485 
2	0.48956 0.51044 
2	0.489835 0.510165 
2	0.483957 0.516043 
2	0.494591 0.505409 
1	0.569368 0.430632 
2	0.499639 0.500361 
2	0.480221 0.519779 
2	0.492022 0.507978 
2	0.494898 0.505102 
2	0.481555 0.518445 
1	0.515126 0.484874 
1	0.506643 0.493357 
1	0.515766 0.484234 
2	0.478189 0.521811 
2	0.469992 0.530008 
2	0.490914 0.509086 
2	0.470475 0.529525 
2	0.464399 0.535601 
2	0.472337 0.527663 
1	0.510748 0.489252 
2	0.427588 0.572412 
1	0.548005 0.451995 
2	0.483653 0.516347 
2	0.47186 0.528139 
2	0.484247 0.515753 
2	0.494365 0.505635 
2	0.473737 0.526263 
2	0.46687 0.53313 
2	0.461027 0.538973 
2	0.48511 0.51489 
2	0.495678 0.504322 
1	0.500017 0.499983 
2	0.483353 0.516647 
1	0.526927 0.473073 
2	0.484019 0.515981 
2	0.481255 0.518745 
1	0.500123 0.499877 
1	0.508402 0.491598 
2	0.493942 0.506058 
1	0.518609 0.481391 
2	0.495364 0.504636 
2	0.470133 0.529867 
1	0.508248 0.491752 
2	0.473532 0.526468 
2	0.477291 0.522709 
2	0.478556 0.521444 
2	0.496508 0.503492 
2	0.491958 0.508042 
2	0.461877 0.538123 
2	0.496192 0.503808 
2	0.497842 0.502158 
2	0.491625 0.508375 
1	0.525513 0.474487 
2	0.465596 0.534404 
1	0.52885 0.47115 
2	0.473176 0.526824 
1	0.502806 0.497194 
2	0.477815 0.522185 
2	0.487076 0.512924 
1	0.515389 0.484611 
2	0.493116 0.506884 
2	0.488879 0.511121 
1	0.518084 0.481916 
2	0.482233 0.517767 
2	0.481695 0.518305 
2	0.496344 0.503656 
2	0.484711 0.515289 
2	0.485883 0.514117 
2	0.496001 0.503999 
1	0.502194 0.497806 
1	0.516786 0.483214 
2	0.462284 0.537716 
2	0.497701 0.502299 
2	0.462425 0.537575 
1	0.523268 0.476732 
1	0.510516 0.489484 
1	0.513371 0.486629 
1	0.505124 0.494876 
2	0.47813 0.52187 
2	0.472063 0.527937 
2	0.461999 0.538001 
1	0.550837 0.449163 
1	0.506401 0.493599 
2	0.484121 0.515879 
2	0.462288 0.537712 
1	0.500123 0.499877 
2	0.465987 0.534013 
2	0.49203 0.507971 
2	0.495947 0.504053 
2	0.497054 0.502946 
2	0.485982 0.514018 
2	0.491388 0.508612 
2	0.473878 0.526122 
2	0.459786 0.540214 
2	0.482607 0.517393 
2	0.498611 0.501389 
2	0.483001 0.516999 
2	0.478916 0.521084 
1	0.50151 0.49849 
2	0.475303 0.524697 
2	0.478835 0.521165 
1	0.527035 0.472965 
1	0.501369 0.49863 
2	0.465561 0.534439 
2	0.48374 0.51626 
1	0.550568 0.449432 
2	0.494415 0.505585 
2	0.494899 0.505101 
2	0.460999 0.539001 
2	0.496653 0.503347 
2	0.498208 0.501792 
1	0.506276 0.493724 
2	0.472406 0.527594 
2	0.493525 0.506475 
2	0.499901 0.500099 
2	0.483021 0.516979 
1	0.514972 0.485028 
1	0.520202 0.479798 
2	0.475441 0.524559 
2	0.492005 0.507995 
2	0.494875 0.505125 
2	0.473138 0.526862 
1	0.579136 0.420864 
2	0.495739 0.504261 
1	0.50813 0.49187 
1	0.504329 0.495671 
1	0.519431 0.480569 
2	0.478585 0.521415 
1	0.512142 0.487858 
2	0.491637 0.508363 
1	0.52494 0.47506 
1	0.537912 0.462088 
1	0.50072 0.49928 
2	0.491761 0.508239 
2	0.474167 0.525833 
2	0.485022 0.514978 
2	0.483959 0.516041 
2	0.468928 0.531072 
2	0.494295 0.505705 
2	0.485181 0.514819 
1	0.547252 0.452748 
2	0.492083 0.507917 
2	0.492571 0.507429 
2	0.488368 0.511632 
2	0.479051 0.520949 
2	0.491698 0.508302 
2	0.488508 0.511492 
2	0.486062 0.513938 
1	0.505104 0.494896 
1	0.51239 0.48761 
2	0.469786 0.530214 
2	0.457368 0.542632 
2	0.478828 0.521172 
2	0.494922 0.505078 
2	0.49526 0.50474 
2	0.485196 0.514804 
2	0.48836 0.51164 
2	0.461015 0.538985 
